0.000000 0.000000 -0.007138 -0.333632
-0.007832 1.689225 -0.003049 1.258905
-0.029694 3.390281 -0.007098 2.924634
-0.070081 5.150463 -0.023363 4.744597
-0.123858 6.989627 -0.063657 6.599354
-0.184475 8.978383 -0.097396 8.626504
-0.253794 11.064230 -0.136593 10.775920
-0.296212 13.335200 -0.159088 13.062480
-0.345120 15.748820 -0.211147 15.533550
-0.368644 18.288060 -0.244682 18.090060
-0.406558 20.990620 -0.317952 20.836610
-0.450732 23.849210 -0.380381 23.654660
-0.505576 26.794890 -0.470108 26.590490
-0.567916 29.817300 -0.519987 29.640910
-0.634186 32.902500 -0.598231 32.757040
-0.704629 36.067260 -0.643882 35.921790
-0.763742 39.276990 -0.692867 39.100290
-0.840559 42.506460 -0.779816 42.401680
-0.944805 45.707290 -0.886797 45.720860
-1.050114 48.934630 -0.949867 49.041370
-1.142897 52.159540 -1.019333 52.334570
-1.248790 55.372460 -1.141893 55.563850
-1.352181 58.600620 -1.244959 58.862720
-1.444555 61.847430 -1.254867 62.118570
-1.528092 65.085270 -1.308814 65.355010
-1.623511 68.349680 -1.435343 68.670660
-1.697570 71.605970 -1.528293 72.003420
-1.784427 74.842930 -1.599855 75.247850
-1.892754 78.044640 -1.706812 78.468590
-2.009246 81.241000 -1.787678 81.701760
-2.118145 84.381460 -1.898224 84.850590
-2.224921 87.410700 -1.996279 87.940210
-2.344772 90.265560 -2.072193 90.738610
-2.486719 92.915770 -2.197751 93.372790
-2.649588 95.352060 -2.307416 95.720560
-2.827593 97.533080 -2.450880 97.830170
-2.992555 99.437370 -2.593605 99.718540
-3.132396 101.119600 -2.722296 101.346400
-3.196722 102.604300 -2.768562 102.762700
-3.182672 103.907400 -2.738086 103.988600
-3.061832 105.116200 -2.575497 105.139500
-2.813888 106.240500 -2.333275 106.257900
-2.431748 107.285400 -1.944681 107.241600
-1.921488 108.234600 -1.432772 108.183200
-1.282825 109.049600 -0.827475 109.027300
-0.530716 109.791000 -0.082670 109.712800
0.374458 110.404000 0.828975 110.306800
1.408134 110.856700 1.876356 110.762900
2.533142 111.185100 3.042498 111.134100
3.783818 111.364400 4.329040 111.413100
5.173439 111.489500 5.811947 111.600000
6.728517 111.518300 7.416929 111.622900
8.447661 111.482200 9.191188 111.664300
10.365340 111.411600 11.156910 111.667100
12.440570 111.376600 13.243130 111.636500
14.658270 111.336300 15.553470 111.610700
16.980990 111.294300 17.919190 111.596100
19.371510 111.225100 20.393210 111.576400
21.827520 111.168600 22.967360 111.492800
24.338230 111.128000 25.643060 111.474900
26.865460 111.086600 28.297190 111.405800
29.340250 111.018500 30.932070 111.336400
31.824380 110.949500 33.481220 111.283000
34.255590 110.895700 35.933950 111.243100
36.655720 110.832300 38.356630 111.200900
39.023530 110.760300 40.772180 111.135000
41.348270 110.661800 43.079630 111.047800
43.625630 110.563400 45.353560 110.958400
45.778700 110.472200 47.504070 110.872100
47.871130 110.381700 49.589160 110.779800
49.939530 110.289100 51.682520 110.709300
51.971720 110.194600 53.721350 110.624400
53.966400 110.084400 55.650470 110.497200
55.968740 109.922700 57.677630 110.339300
58.012520 109.724900 59.777390 110.180800
60.142410 109.502900 61.963280 109.951600
62.329410 109.265100 64.130750 109.686100
64.563430 109.013700 66.408560 109.480700
66.805840 108.790700 68.667020 109.270500
69.024790 108.566800 70.981730 109.043800
71.274060 108.316000 73.374580 108.770300
73.551630 108.056300 75.714510 108.509300
75.878910 107.783000 78.049270 108.233200
78.249380 107.482800 80.374170 107.923200
80.656160 107.159100 82.799950 107.602100
83.128450 106.823200 85.408710 107.255800
85.650170 106.498800 88.023270 106.912400
88.195570 106.179900 90.608350 106.597900
90.756270 105.878900 93.199940 106.309800
93.347120 105.574100 95.824240 105.996300
95.936460 105.267700 98.516890 105.672000
98.498850 104.969700 101.156800 105.397700
101.043100 104.696300 103.679100 105.175300
103.535900 104.414000 106.195600 104.899300
105.990700 104.117400 108.737300 104.606800
108.401400 103.830100 111.237100 104.336700
110.756600 103.530500 113.633600 104.038400
113.078300 103.210700 115.925900 103.733200
115.356600 102.887000 118.226800 103.441500
117.639100 102.533100 120.496700 103.123400
119.873200 102.178000 122.763700 102.757000
122.079200 101.811900 125.021000 102.402100
124.272600 101.407700 127.198400 102.014500
126.424700 100.975200 129.351900 101.597400
128.537100 100.456100 131.501900 101.074700
130.617700 99.856810 133.616000 100.481200
132.667800 99.216070 135.723200 99.831690
134.687400 98.553530 137.765200 99.202090
136.660100 97.926510 139.795600 98.586960
138.607400 97.314350 141.794800 97.983870
140.503400 96.738880 143.744200 97.434210
142.369000 96.204360 145.628800 96.933920
144.202100 95.695640 147.500200 96.464230
145.980300 95.244100 149.311900 96.034960
147.725300 94.841610 151.093400 95.681180
149.451200 94.497860 152.890800 95.373120
151.160400 94.251030 154.606000 95.221360
152.853900 94.142140 156.219000 95.168310
154.532700 94.132680 157.906600 95.158110
156.196500 94.120650 159.566400 95.111350
157.821400 94.007330 161.196600 95.023660
159.401200 93.838200 162.776700 94.840930
160.938600 93.578160 164.321000 94.651540
162.417600 93.276270 165.848000 94.345270
163.854200 92.938740 167.310100 94.038540
165.277700 92.622550 168.749300 93.706070
166.674900 92.299640 170.180800 93.369210
168.125300 91.946090 171.634600 93.009610
169.638900 91.526300 173.190800 92.573160
171.214100 91.062420 174.786300 92.090450
172.836600 90.569120 176.482400 91.597770
174.480800 90.035230 178.235400 91.066500
176.115700 89.513510 179.939500 90.535920
177.736600 89.009020 181.577500 90.069330
179.315600 88.539550 183.175600 89.607870
180.808000 88.123170 184.683900 89.189710
182.185700 87.753480 186.048400 88.816590
183.432400 87.482040 187.302500 88.518950
184.623100 87.293670 188.519400 88.356510
185.803900 87.231550 189.716600 88.331500
186.952000 87.297830 190.870000 88.419030
188.068600 87.451920 192.009000 88.576640
189.154900 87.728640 193.152500 88.886810
190.233600 88.157250 194.302600 89.400820
191.320100 88.781620 195.453400 90.061180
192.410500 89.600550 196.568100 90.974210
193.454200 90.684490 197.616800 92.095570
194.437900 91.988930 198.603200 93.437490
195.378100 93.548950 199.478300 95.019010
196.271500 95.327110 200.354500 96.823830
197.137400 97.277400 201.234300 98.805630
197.949900 99.411050 202.046100 100.976200
198.716100 101.702700 202.871400 103.335300
199.516800 104.092500 203.707900 105.760700
200.371000 106.590800 204.556700 108.340100
201.252400 109.169500 205.437800 110.931900
202.151000 111.754400 206.332100 113.556300
203.059200 114.350500 207.231800 116.159600
203.983900 117.000400 208.132900 118.783100
204.857600 119.562000 209.014000 121.448000
205.735000 122.179100 209.861900 124.050000
206.598600 124.790300 210.740000 126.631900
207.440900 127.377400 211.562600 129.216600
208.242800 129.908400 212.353600 131.742600
208.997300 132.350000 213.130800 134.219000
209.687300 134.653600 213.807700 136.561200
210.315800 136.812600 214.439300 138.732200
210.853400 138.781000 214.950000 140.625800
211.314900 140.528100 215.435200 142.370300
211.724000 142.072000 215.844500 143.925100
212.087800 143.489600 216.200400 145.314800
212.418900 144.848700 216.498900 146.702500
212.644500 146.170800 216.652300 148.046800
212.735200 147.467000 216.708800 149.400900
212.655400 148.727700 216.587900 150.728700
212.394800 149.931200 216.282300 151.983600
211.967700 151.060900 215.867300 153.076400
211.327800 152.041400 215.208700 154.084300
210.570500 152.900300 214.439600 154.944300
209.690200 153.609600 213.549900 155.643100
208.709700 154.127900 212.593700 156.136500
207.628600 154.446600 211.554200 156.500900
206.514300 154.663600 210.455300 156.762000
205.342600 154.839800 209.284400 156.971900
204.054700 154.916400 208.037100 157.064500
202.653200 155.003000 206.610500 157.152000
201.071000 155.004800 204.956300 157.152500
199.317900 154.934200 203.180900 157.113100
197.401000 154.857200 201.209700 157.038100
195.316900 154.772000 199.062200 156.944000
193.070500 154.750200 196.791100 156.938100
190.668800 154.808600 194.436200 156.983600
188.123400 154.966400 191.911500 157.092100
185.505500 155.209900 189.302300 157.282400
182.877200 155.502600 186.520900 157.548800
180.229400 155.806300 183.697500 157.879900
177.558300 156.111000 180.956700 158.167100
174.880600 156.428400 178.231200 158.465300
172.210900 156.745600 175.529700 158.765400
169.531800 157.057600 172.779600 159.069800
166.857300 157.367500 170.075100 159.341300
164.166400 157.687700 167.357400 159.608000
161.543900 158.015100 164.680900 159.940400
158.917500 158.348300 161.992100 160.234000
156.307000 158.685700 159.294900 160.550200
153.701700 159.029500 156.690500 160.848400
151.074500 159.379400 154.005700 161.159500
148.417600 159.744000 151.261100 161.487800
145.726100 160.131500 148.510700 161.833400
143.006700 160.516800 145.749300 162.178100
140.244900 160.894500 142.911400 162.526900
137.441200 161.249200 140.045600 162.845700
134.595200 161.560200 137.161600 163.106700
131.711200 161.840600 134.273900 163.360500
128.789000 162.129400 131.313100 163.605800
125.847000 162.402500 128.326900 163.840500
122.922800 162.662800 125.340700 164.073800
120.011500 162.917000 122.392900 164.320500
117.096200 163.164900 119.397500 164.546200
114.183400 163.417600 116.408000 164.776700
111.271300 163.676400 113.458500 165.006800
108.360000 163.930000 110.474300 165.236400
105.444700 164.185400 107.538900 165.482600
102.540700 164.434900 104.580300 165.688400
99.644400 164.672400 101.626200 165.885500
96.744730 164.928100 98.675860 166.125400
93.849290 165.223100 95.790720 166.389900
90.952140 165.530200 92.834790 166.645600
88.065380 165.851200 89.915220 166.940400
85.150470 166.191600 86.973540 167.265000
82.242610 166.531500 84.025020 167.552200
79.311830 166.862600 81.090560 167.831900
76.393260 167.201900 78.130060 168.146800
73.438700 167.538900 75.151570 168.425500
70.485150 167.863400 72.146240 168.703100
67.519840 168.167700 69.176000 168.959500
64.540850 168.441900 66.190760 169.204600
61.540400 168.697200 63.156880 169.410900
58.537190 168.941400 60.127250 169.610000
55.533930 169.185000 57.107290 169.823000
52.543330 169.420200 54.091780 170.004800
49.571870 169.640200 51.078700 170.196100
46.635500 169.839600 48.085240 170.357800
43.710130 170.017100 45.152690 170.497400
40.823360 170.176600 42.241170 170.634900
37.953040 170.328300 39.334690 170.752500
35.132860 170.473500 36.489200 170.882700
32.385260 170.602800 33.770980 170.961100
29.704360 170.713400 31.102060 171.049600
27.093420 170.807100 28.435110 171.136000
24.583170 170.877300 25.908830 171.210600
22.209330 170.937800 23.531030 171.241400
19.944280 171.027800 21.228760 171.340200
17.748010 171.142200 19.018270 171.426100
15.606760 171.273100 16.818680 171.542600
13.545460 171.403600 14.746210 171.630800
11.568070 171.540200 12.735720 171.723800
9.709170 171.687300 10.818700 171.863300
7.998637 171.853700 9.030133 172.021700
6.432635 172.024100 7.393315 172.155900
4.995356 172.227700 5.981282 172.276500
3.674361 172.460800 4.668166 172.435400
2.475555 172.738700 3.489861 172.672200
1.394096 173.060700 2.462357 172.950200
0.435287 173.448800 1.502040 173.281500
-0.481995 173.905100 0.562624 173.703500
-1.324858 174.456900 -0.256660 174.225000
-2.065394 175.091700 -1.021761 174.770400
-2.762100 175.808500 -1.741784 175.474500
-3.408457 176.720100 -2.414193 176.404300
-3.994755 177.763900 -3.015610 177.395300
-4.506015 178.951500 -3.564126 178.678800
-4.930925 180.367000 -4.009387 180.055500
-5.212692 181.952900 -4.331069 181.662600
-5.351521 183.714600 -4.520695 183.480200
-5.392321 185.625500 -4.655189 185.397500
-5.387940 187.682900 -4.703634 187.479000
-5.372151 189.871900 -4.725849 189.663800
-5.386586 192.193400 -4.756915 191.971000
-5.406023 194.585200 -4.816608 194.384900
-5.440439 197.017600 -4.879675 196.804700
-5.475977 199.456500 -4.976289 199.286100
-5.514842 201.934200 -5.064080 201.802100
-5.560062 204.406700 -5.134726 204.293500
-5.616804 206.863600 -5.250925 206.736700
-5.692115 209.294100 -5.355982 209.185300
-5.775682 211.678200 -5.497816 211.575700
-5.860771 213.990100 -5.584427 213.830000
-5.940900 216.159300 -5.722964 216.001200
-6.023283 218.169400 -5.829751 218.040700
-6.114588 220.000600 -5.937642 219.874300
-6.209081 221.641100 -6.056991 221.448400
-6.290085 223.094700 -6.145752 222.832500
-6.323739 224.427000 -6.218051 224.171400
-6.274326 225.732300 -6.220037 225.549800
-6.132258 226.985000 -6.061958 226.791200
-5.842543 228.167200 -5.759371 227.963600
-5.392446 229.278300 -5.360599 229.089400
-4.842747 230.275700 -4.842003 230.132300
-4.162700 231.192700 -4.179906 231.039700
-3.339169 232.032200 -3.397386 231.953500
-2.397566 232.795000 -2.429242 232.721800
-1.278517 233.345000 -1.301845 233.338100
0.002398 233.849400 0.025461 233.903100
1.451824 234.167300 1.562884 234.338800
3.063341 234.394700 3.266900 234.693800
4.818404 234.521700 5.079959 234.884500
6.718857 234.529500 7.058239 234.972200
8.771869 234.476900 9.232924 235.004800
10.950050 234.353500 11.515450 235.011800
13.283690 234.242600 13.847870 234.962400
15.698180 234.114100 16.231380 234.917800
18.109840 234.011200 18.682140 234.906000
20.538930 233.937000 21.069110 234.942200
23.000350 233.896100 23.556080 234.975200
25.454510 233.895700 26.110070 235.023800
27.927720 233.889300 28.615280 235.089300
30.407900 233.872000 31.124950 235.119800
32.882140 233.853600 33.665000 235.164100
35.338500 233.829000 36.234360 235.186300
37.779520 233.790500 38.714760 235.202400
40.179400 233.727500 41.077450 235.219100
42.552300 233.662400 43.457660 235.230200
44.907840 233.595600 45.821410 235.218700
47.226940 233.520600 48.218620 235.197900
49.522840 233.434600 50.634910 235.156600
51.803140 233.370200 53.022370 235.162500
54.049950 233.306500 55.241730 235.143100
56.280590 233.226500 57.435200 235.110000
58.445580 233.147900 59.660880 235.112000
60.619970 233.086700 61.837250 235.102400
62.750480 233.037500 63.986020 235.125100
64.846290 232.998000 66.111080 235.137200
66.907940 232.934300 68.182630 235.144400
68.927460 232.866900 70.182480 235.161200
70.887740 232.814900 72.149800 235.152300
72.825750 232.758300 74.087410 235.172600
74.737930 232.699000 76.053030 235.159900
76.618370 232.622200 77.921300 235.162700
78.487810 232.513200 79.817430 235.102800
80.415420 232.376500 81.816000 235.024700
82.423060 232.187700 83.851510 234.904900
84.524370 231.969700 85.990580 234.729100
86.709120 231.699600 88.260250 234.522000
89.024130 231.380400 90.663050 234.254200
91.467840 231.021200 93.135500 233.953500
94.024580 230.649200 95.791660 233.641500
96.704300 230.258000 98.511180 233.331900
99.500260 229.890100 101.365000 233.061700
102.390800 229.569300 104.307200 232.835800
105.358500 229.285100 107.324400 232.625100
108.344900 229.013100 110.345700 232.444500
111.363200 228.734900 113.383200 232.261600
114.373200 228.477600 116.409000 232.100800
117.360000 228.229400 119.420500 231.941900
120.339400 228.001300 122.449500 231.823000
123.309400 227.796900 125.461100 231.693300
126.241200 227.623100 128.406100 231.623200
129.151600 227.477500 131.361300 231.546400
132.012600 227.318900 134.280400 231.454100
134.854400 227.154700 137.146200 231.390400
137.658300 226.984100 140.004500 231.285900
140.441600 226.780700 142.843200 231.147800
143.209300 226.535400 145.639700 230.982000
145.977400 226.238300 148.427600 230.764200
148.746000 225.862600 151.250100 230.450100
151.518600 225.402500 154.007300 230.042600
154.265800 224.858900 156.788500 229.537800
157.017900 224.208100 159.611000 228.946700
159.770300 223.494500 162.399900 228.299800
162.519400 222.782200 165.204300 227.650100
165.292700 222.111000 168.021500 227.051100
168.051700 221.507000 170.796400 226.511900
170.813300 220.973200 173.597500 226.074100
173.565300 220.491000 176.356700 225.654600
176.245800 220.043100 179.062800 225.285300
178.818800 219.633700 181.651900 224.914500
181.257200 219.251600 184.097600 224.589100
183.679400 218.884000 186.515200 224.252700
186.086900 218.497600 188.922800 223.898700
188.454700 218.100200 191.314500 223.555500
190.804000 217.716300 193.707300 223.210300
193.140800 217.373500 196.031400 222.898200
195.432100 217.054600 198.300900 222.600800
197.727600 216.759200 200.611600 222.319500
199.972100 216.485600 202.851600 222.073000
202.098700 216.237900 205.038300 221.864100
204.042400 215.996300 207.114700 221.645200
205.749800 215.775100 209.001600 221.448800
207.241200 215.583400 210.660700 221.284900
208.613300 215.379500 211.998400 221.185900
209.946100 215.165400 213.306000 221.051700
211.132200 214.943200 214.501200 220.872000
212.136600 214.744800 215.436300 220.733400
213.062500 214.534600 216.341600 220.559200
213.959300 214.314400 217.250500 220.403300
214.824000 214.088800 218.113600 220.232600
215.687900 213.834700 219.000700 220.035800
216.575000 213.526600 219.913100 219.771000
217.490900 213.157600 220.858500 219.419500
218.457300 212.700900 221.840200 218.995100
219.480700 212.125200 222.872300 218.440900
220.511700 211.370900 223.969800 217.679600
221.550800 210.459100 225.001900 216.796000
222.555600 209.363300 226.050100 215.663700
223.474400 208.082600 226.986500 214.370000
224.312800 206.641100 227.877700 212.862100
225.044800 205.038200 228.631300 211.238400
225.610700 203.260200 229.239300 209.380800
225.969900 201.350200 229.602900 207.467000
226.110100 199.367200 229.775200 205.463800
226.043000 197.305000 229.736800 203.328000
225.807700 195.159800 229.577700 201.066300
225.430000 192.956900 229.243500 198.791800
224.916600 190.707600 228.795800 196.507300
224.270500 188.432400 228.181100 194.189900
223.514900 186.121900 227.478900 191.780200
222.660400 183.771100 226.659000 189.324900
221.783100 181.391000 225.823300 186.858400
220.891900 178.998600 224.981100 184.374700
220.021400 176.587400 224.135200 181.902800
219.223500 174.200300 223.363800 179.478900
218.482200 171.834800 222.687400 177.069700
217.818500 169.568700 222.049100 174.758300
217.216600 167.458800 221.468300 172.639400
216.650700 165.491600 220.914300 170.605500
216.110800 163.682800 220.416300 168.778200
215.577800 162.017400 219.867100 167.017700
214.999400 160.430000 219.301200 165.358100
214.344800 158.975700 218.639200 163.870300
213.573800 157.662600 217.901400 162.597500
212.660500 156.532700 216.985700 161.428300
211.582500 155.560200 215.918800 160.431600
210.426600 154.805400 214.757700 159.668400
209.163000 154.246200 213.490000 159.073000
207.764200 153.857100 212.066200 158.681500
206.280800 153.652300 210.515700 158.448400
204.678000 153.573200 208.861600 158.325400
202.976300 153.576200 207.085200 158.318000
201.140400 153.649700 205.195000 158.359000
199.175800 153.795100 203.210200 158.471900
197.094000 154.001100 201.031200 158.615700
194.884400 154.205500 198.810100 158.767600
192.560300 154.427500 196.521400 158.922900
190.124200 154.677200 194.112100 159.096200
187.577500 154.946500 191.703100 159.275500
184.929000 155.250800 189.294600 159.460800
182.198300 155.594600 186.786700 159.642700
179.402300 155.944800 184.253500 159.850600
176.570000 156.287200 181.649500 160.084200
173.734500 156.623600 179.015700 160.322700
170.901000 156.954000 176.242700 160.542700
168.081500 157.295300 173.335800 160.758100
165.284900 157.640900 170.382500 160.953800
162.507400 157.987500 167.560600 161.222400
159.747400 158.333400 164.780100 161.435700
156.984600 158.680600 161.978400 161.665300
154.216200 159.032100 159.180300 161.909700
151.439500 159.399800 156.329500 162.133000
148.640500 159.792600 153.483500 162.404800
145.813800 160.206400 150.557300 162.709000
142.963600 160.610300 147.664200 162.973200
140.057000 160.997100 144.697700 163.240900
137.092200 161.347900 141.624800 163.464700
134.059200 161.649400 138.560100 163.629400
130.993600 161.935400 135.427100 163.787900
127.858900 162.233700 132.250000 163.930600
124.683800 162.520100 129.006100 164.060300
121.492100 162.798700 125.770800 164.193500
118.297400 163.082000 122.519100 164.354200
115.103400 163.377800 119.246900 164.510000
111.913100 163.672600 115.971000 164.663400
108.723500 163.966800 112.716700 164.832600
105.531500 164.253700 109.474500 164.991800
102.343500 164.537500 106.238500 165.130600
99.161640 164.825900 102.955400 165.273500
95.959550 165.164700 99.692670 165.494800
92.746890 165.547500 96.480570 165.755100
89.526460 165.956000 93.285290 166.028600
86.297890 166.381500 89.980000 166.344700
83.033610 166.817100 86.644890 166.622200
79.736970 167.238800 83.302670 166.907800
76.427180 167.629500 79.949170 167.149700
73.050320 167.986400 76.570180 167.347600
69.640860 168.315400 73.152160 167.540400
66.194370 168.637100 69.614330 167.719900
62.710330 168.931500 66.106760 167.873800
59.214430 169.199600 62.636480 167.984700
55.734640 169.446800 59.133750 168.073900
52.271980 169.681900 55.591880 168.179000
48.833520 169.903400 52.178210 168.246800
45.431860 170.116400 48.655380 168.303400
42.051610 170.315300 45.285620 168.367500
38.742450 170.482700 41.999880 168.390600
35.535340 170.629700 38.793710 168.399900
32.460880 170.758300 35.761440 168.391100
29.526980 170.862700 32.833710 168.377900
26.736320 170.955000 30.008480 168.343800
24.096640 171.032400 27.358590 168.323700
21.599520 171.132300 24.840080 168.314300
19.316590 171.344600 22.420620 168.407900
17.201760 171.658400 20.047040 168.568700
15.089840 171.971500 17.815560 168.802600
12.980420 172.284000 15.738560 169.051700
10.872410 172.596000 13.712110 169.351500
8.838192 172.907600 11.746320 169.601500
7.132350 173.177000 9.902429 169.807600
5.611287 173.387400 8.289796 169.926400
4.309371 173.544500 6.840539 170.036900
3.237420 173.651900 5.428247 170.141500
2.375838 173.729600 4.014966 170.232400
1.679549 173.799100 2.600848 170.309700
1.056923 173.859600 1.250879 170.365100
0.465217 173.909300 0.206949 170.348600
-0.128030 173.962400 -0.516161 170.366100
-0.720230 174.003300 -1.074704 170.395500
-1.330594 174.023800 -1.535737 170.398400
-2.080426 174.055200 -2.204561 170.419400
-2.997577 174.094600 -3.061247 170.412000
-4.098643 174.120700 -4.270175 170.373700
-5.416520 174.168000 -5.672374 170.361700
-6.936037 174.228300 -7.216128 170.386500
-8.609358 174.340400 -8.951516 170.426600
-10.463980 174.413000 -10.894510 170.432600
-12.494230 174.495000 -12.962530 170.412900
-14.662590 174.544200 -15.149030 170.375400
-17.028510 174.612700 -17.531040 170.319700
-19.515490 174.656900 -20.055730 170.264500
-22.153150 174.694500 -22.773090 170.176800
-24.891700 174.736800 -25.587470 170.119300
-27.728470 174.787700 -28.471930 170.063800
-30.668830 174.869400 -31.415200 170.024600
-33.671140 174.970100 -34.488710 169.998400
-36.734690 175.074800 -37.500710 169.975500
-39.843610 175.165700 -40.605690 169.924100
-43.001160 175.252500 -43.776330 169.878500
-46.184910 175.351700 -46.976780 169.807500
-49.374400 175.443100 -50.161210 169.731800
-52.557440 175.526000 -53.351320 169.655000
-55.757590 175.616000 -56.601530 169.560900
-58.925860 175.702900 -59.797320 169.536300
-62.130070 175.804700 -62.942530 169.492300
-65.328080 175.907300 -66.135870 169.470000
-68.537660 176.003100 -69.343030 169.411300
-71.749230 176.080900 -72.542700 169.314000
-74.976500 176.145900 -75.794180 169.260400
-78.208790 176.218000 -79.102610 169.172700
-81.447070 176.257900 -82.428870 169.059900
-84.692180 176.290600 -85.732100 168.931700
-87.936790 176.288700 -89.019330 168.766700
-91.211290 176.258400 -92.334010 168.595000
-94.484440 176.204800 -95.636010 168.408300
-97.757000 176.121600 -98.927140 168.183500
-101.045200 176.004400 -102.219900 167.944400
-104.339000 175.862100 -105.569500 167.677700
-107.640300 175.694600 -108.932500 167.377600
-110.948600 175.520500 -112.232900 167.064100
-114.267700 175.326000 -115.600500 166.717800
-117.598500 175.123100 -118.958100 166.367600
-120.942600 174.923200 -122.308500 166.057100
-124.293900 174.718800 -125.625100 165.688600
-127.663000 174.505900 -129.004600 165.316900
-131.048900 174.295300 -132.396900 164.946200
-134.443100 174.072500 -135.789800 164.573000
-137.847200 173.848200 -139.228200 164.193800
-141.262000 173.635000 -142.629800 163.835600
-144.675300 173.415500 -146.042900 163.453800
-148.093400 173.189000 -149.471900 163.082000
-151.506600 172.967300 -152.874900 162.722000
-154.901800 172.728300 -156.299800 162.341300
-158.292900 172.494700 -159.667500 161.971200
-161.632200 172.250400 -163.017400 161.574100
-164.974900 172.022600 -166.361500 161.222600
-168.236000 171.803200 -169.651700 160.863200
-171.502400 171.597000 -172.950800 160.544400
-174.668300 171.359900 -176.048700 160.166900
-177.746400 171.132500 -179.246900 159.776400
-180.803200 170.903300 -182.256200 159.472100
-183.778700 170.687800 -185.210300 159.141600
-186.701500 170.475800 -188.160500 158.811200
-189.566000 170.268000 -191.053900 158.478000
-192.391300 170.070600 -193.880800 158.181100
-195.149900 169.858100 -196.651600 157.862800
-197.876000 169.626400 -199.445700 157.526900
-200.552400 169.372500 -202.136900 157.135900
-203.199000 169.063700 -204.774300 156.695000
-205.787000 168.703000 -207.396200 156.221200
-208.326100 168.290400 -210.007000 155.686600
-210.824000 167.881700 -212.488600 155.189400
-213.258300 167.488200 -214.963600 154.731100
-215.584000 167.155500 -217.290600 154.323800
-217.825600 166.951000 -219.545600 154.056300
-219.976700 166.840100 -221.684100 153.866500
-222.030600 166.826400 -223.724300 153.768500
-223.989000 166.912900 -225.693600 153.805000
-225.824600 167.087900 -227.543800 153.896200
-227.550100 167.325800 -229.271400 154.074900
-229.178200 167.608800 -230.943300 154.302400
-230.692700 167.920100 -232.537200 154.550200
-232.121600 168.192100 -234.005500 154.738100
-233.453600 168.409000 -235.331400 154.869000
-234.669500 168.528300 -236.532200 154.952800
-235.786800 168.548000 -237.632200 154.898100
-236.809500 168.431800 -238.630400 154.758200
-237.749100 168.202200 -239.572000 154.460300
-238.622500 167.871000 -240.448800 154.074700
-239.423500 167.439100 -241.261500 153.629700
-240.167900 166.948100 -241.986600 153.116300
-240.836500 166.406300 -242.647600 152.540300
-241.484000 165.802100 -243.226100 151.915200
-242.133500 165.204600 -243.903100 151.348100
-242.760700 164.564800 -244.518900 150.711900
-243.373200 163.846400 -245.178400 149.932700
-243.956600 163.041100 -245.784400 149.117900
-244.490700 162.132200 -246.353000 148.161000
-244.987900 161.116800 -246.828800 147.103400
-245.418700 159.925400 -247.238900 145.884400
-245.815100 158.551700 -247.574100 144.473000
-246.200000 156.991700 -247.953000 142.827100
-246.613900 155.230000 -248.286500 140.991400
-246.967700 153.214300 -248.564700 138.901000
-247.267000 150.943600 -248.775900 136.542600
-247.521500 148.451900 -248.944600 133.924800
-247.763400 145.749400 -249.084100 131.124700
-248.018000 142.841100 -249.236700 128.101500
-248.277200 139.720500 -249.378000 124.869800
-248.523100 136.389500 -249.492300 121.405400
-248.773200 132.870500 -249.650900 117.799400
-249.015800 129.335700 -249.774100 114.206600
-249.218400 125.814900 -249.847100 110.644700
-249.397800 122.286300 -249.924600 107.088300
-249.565200 118.755000 -249.926200 103.530000
-249.697400 115.238200 -249.936300 100.001900
-249.820200 111.741900 -249.931400 96.487110
-249.943300 108.268400 -249.940800 92.921630
-250.044800 104.815000 -249.908000 89.464600
-250.125300 101.386800 -249.884400 86.031970
-250.189300 97.986010 -249.825800 82.627970
-250.244000 94.598780 -249.749800 79.205920
-250.305600 91.259170 -249.724000 75.794500
-250.400100 87.936680 -249.721000 72.453570
-250.549700 84.645240 -249.697600 69.123150
-250.690200 81.356670 -249.740400 65.809930
-250.847000 78.103800 -249.821500 62.526170
-251.020300 74.824490 -249.872200 59.240670
-251.181200 71.549630 -249.948100 55.984300
-251.353200 68.299410 -250.004300 52.653420
-251.504400 65.068130 -250.048600 49.299590
-251.635100 61.852520 -250.071500 45.911020
-251.747700 58.661860 -250.108000 42.563360
-251.845300 55.489840 -250.132700 39.274070
-251.935900 52.343660 -250.157700 36.046290
-252.030900 49.220080 -250.148000 32.873950
-252.144000 46.116710 -250.156700 29.691830
-252.285100 43.039160 -250.222100 26.524690
-252.447800 39.988030 -250.289000 23.400480
-252.625400 36.956390 -250.414100 20.273290
-252.810700 33.954820 -250.540700 17.117390
-252.984400 30.978070 -250.635800 14.091900
-253.097600 28.028950 -250.639800 11.137810
-253.116300 25.101150 -250.541500 8.113266
-253.041100 22.203360 -250.371100 5.161062
-252.848100 19.324220 -250.044300 2.173561
-252.488000 16.480910 -249.559100 -0.721579
-251.943700 13.650460 -248.897300 -3.553016
-251.206200 10.846250 -248.026800 -6.416531
-250.269300 8.064427 -246.959400 -9.234851
-249.119400 5.314832 -245.693100 -11.986350
-247.746000 2.616861 -244.187100 -14.670900
-246.166100 -0.017969 -242.524600 -17.282140
-244.406300 -2.619939 -240.651400 -19.834930
-242.507000 -5.201607 -238.653400 -22.379230
-240.543700 -7.805212 -236.614600 -24.950200
-238.527600 -10.441420 -234.497400 -27.566230
-236.482900 -13.102670 -232.372800 -30.195620
-234.463000 -15.778320 -230.254600 -32.839840
-232.508700 -18.481870 -228.209300 -35.530690
-230.631700 -21.211600 -226.288300 -38.204420
-228.850200 -23.973140 -224.427400 -40.957360
-227.120500 -26.731510 -222.605900 -43.702610
-225.420200 -29.466820 -220.834500 -46.415440
-223.756600 -32.175260 -219.035000 -49.078840
-222.113500 -34.852880 -217.285000 -51.727830
-220.503000 -37.487790 -215.578300 -54.294610
-218.945600 -40.020000 -213.962300 -56.759050
-217.473700 -42.350380 -212.431100 -58.993300
-216.081800 -44.449900 -211.009700 -61.011360
-214.778200 -46.310220 -209.685600 -62.757490
-213.569900 -47.963370 -208.465100 -64.335500
-212.469800 -49.406600 -207.381800 -65.725680
-211.402700 -50.703570 -206.301000 -66.972370
-210.350300 -51.866650 -205.155500 -68.086150
-209.329000 -52.882180 -204.096500 -69.020980
-208.342100 -53.712810 -203.131300 -69.758400
-207.433900 -54.314810 -202.188200 -70.293870
-206.639200 -54.750770 -201.366900 -70.716600
-205.846700 -55.112410 -200.553600 -71.095590
-205.046500 -55.376850 -199.775400 -71.287750
-204.238300 -55.572130 -198.964300 -71.505410
-203.340400 -55.720010 -198.077100 -71.660990
-202.343700 -55.812630 -197.018000 -71.768380
-201.230000 -55.831900 -195.839000 -71.756000
-199.966900 -55.727910 -194.514000 -71.635050
-198.511800 -55.515700 -192.997800 -71.329840
-196.896300 -55.177990 -191.370300 -70.975450
-195.101200 -54.675310 -189.486500 -70.424660
-193.144500 -53.980020 -187.494700 -69.642200
-191.089500 -53.059560 -185.440600 -68.633300
-188.959500 -51.870660 -183.336900 -67.359930
-186.748300 -50.457590 -181.125700 -65.908670
-184.446800 -48.882240 -178.819200 -64.305050
-181.997000 -47.211720 -176.419900 -62.568520
-179.497700 -45.532110 -173.887200 -60.795700
-176.845100 -43.764640 -171.262400 -58.975240
-174.079200 -41.951340 -168.518800 -57.073680
-171.182700 -40.094050 -165.638800 -55.142800
-168.181500 -38.252180 -162.631400 -53.220300
-165.080700 -36.437440 -159.561700 -51.341850
-161.936900 -34.664440 -156.430700 -49.503090
-158.730900 -32.961050 -153.241400 -47.726690
-155.498500 -31.326070 -150.073100 -46.049030
-152.284900 -29.754520 -146.935200 -44.413060
-149.069300 -28.182760 -143.715700 -42.771750
-145.857700 -26.612150 -140.560200 -41.153980
-142.641000 -25.057000 -137.392600 -39.566410
-139.402500 -23.486330 -134.094700 -37.919000
-136.173000 -21.934650 -130.854200 -36.281300
-132.945300 -20.377060 -127.643000 -34.672670
-129.754900 -18.849320 -124.490500 -33.084540
-126.594800 -17.311780 -121.375800 -31.518500
-123.481600 -15.777190 -118.247700 -29.898520
-120.382000 -14.275260 -115.203000 -28.372480
-117.290900 -12.878730 -112.072700 -26.897330
-114.140500 -11.587510 -108.882500 -25.532110
-110.985900 -10.399830 -105.717500 -24.255120
-107.823700 -9.243398 -102.582400 -23.039390
-104.639900 -8.124757 -99.383740 -21.846770
-101.445300 -7.020636 -96.168170 -20.644530
-98.266820 -5.927679 -93.009110 -19.509860
-95.057020 -4.924307 -89.768290 -18.441550
-91.816180 -3.988153 -86.522040 -17.456380
-88.560330 -3.139167 -83.202990 -16.543780
-85.275670 -2.357662 -79.926910 -15.708380
-81.984180 -1.642797 -76.578140 -14.927460
-78.695610 -0.956720 -73.262940 -14.194860
-75.422800 -0.300680 -70.021610 -13.514490
-72.166360 0.319994 -66.770930 -12.830850
-68.928530 0.923302 -63.545920 -12.164970
-65.700550 1.500442 -60.276220 -11.531470
-62.489590 2.047975 -57.094790 -10.942350
-59.295260 2.577472 -53.872600 -10.350450
-56.128970 3.091711 -50.734340 -9.771487
-52.988540 3.575444 -47.638470 -9.209761
-49.868360 4.040344 -44.548580 -8.659344
-46.776300 4.464286 -41.489830 -8.141131
-43.712180 4.856902 -38.442050 -7.694469
-40.666360 5.223322 -35.410950 -7.288090
-37.689290 5.564962 -32.399890 -6.839680
-34.786240 5.888495 -29.496910 -6.436682
-31.996720 6.190015 -26.672680 -6.041333
-29.296910 6.465571 -23.979440 -5.750982
-26.720990 6.720779 -21.407420 -5.451540
-24.320240 6.954131 -19.030740 -5.137898
-22.089310 7.159574 -16.815010 -4.873723
-20.016680 7.362635 -14.755170 -4.632089
-18.106820 7.551445 -12.866060 -4.361817
-16.337750 7.702083 -11.122630 -4.186266
-14.726050 7.819683 -9.557184 -4.006864
-13.313500 7.930153 -8.181099 -3.845494
-12.128270 8.022018 -6.992625 -3.747336
-11.139240 8.100664 -6.072367 -3.613564
-10.287410 8.195045 -5.226869 -3.437223
-9.518219 8.309922 -4.489350 -3.301003
-8.789252 8.478175 -3.774335 -3.066150
-8.149181 8.669320 -3.197021 -2.981357
-7.829442 8.769976 -3.023077 -2.926216
-7.799252 8.787461 -3.024911 -2.943859
-7.813018 8.786625 -3.068246 -2.953978
-7.809395 8.788143 -3.054056 -2.929538
-7.809451 8.779000 -3.076916 -2.928857
-7.809131 8.771007 -3.083068 -2.931755
-7.804822 8.762953 -3.091910 -2.933099
-7.800766 8.755551 -3.091204 -2.934290
-7.795082 8.750163 -3.096118 -2.938648
-7.789514 8.745234 -3.110136 -2.943471
-7.784930 8.740517 -3.099704 -2.946270
-7.780166 8.734843 -3.101868 -2.940838
-7.775784 8.730871 -3.104034 -2.935405
-7.771600 8.726560 -3.106199 -2.929973
-7.768634 8.723581 -3.108365 -2.924541
-7.766879 8.721761 -3.111864 -2.927857
-7.765762 8.717584 -3.118027 -2.948673
-7.763983 8.714586 -3.124021 -2.951668
-7.763294 8.713489 -3.120213 -2.954611
-7.762963 8.712553 -3.119358 -2.945177
-7.763086 8.713488 -3.127319 -2.943416
-7.762455 8.714167 -3.129972 -2.956870
-7.753295 8.722145 -3.176170 -2.981112
-7.717107 8.742340 -3.160631 -2.967703
-7.658875 8.770779 -3.088734 -2.928815
-7.513039 8.836058 -2.878725 -2.821578
-7.175297 8.982757 -2.531308 -2.607858
-6.640897 9.236569 -1.947963 -2.266050
-5.930743 9.644152 -1.164518 -1.775168
-5.120740 10.257790 -0.322247 -1.094063
-4.260731 11.080700 0.495667 -0.256860
-3.414512 12.135620 1.327379 0.800841
-2.599066 13.467900 2.160561 2.237988
-1.884998 15.083310 2.855429 3.873887
-1.260100 16.974890 3.462160 5.769345
-0.766019 19.117060 3.929293 7.892765
-0.469374 21.489410 4.148893 10.200360
-0.353107 24.066230 4.301181 12.685870
-0.356192 26.850340 4.313675 15.332820
-0.405744 29.836580 4.189288 18.318500
-0.459357 33.017600 4.032053 21.625880
-0.512628 36.392400 3.907843 25.090690
-0.584304 39.835620 3.823762 28.669150
-0.669138 43.283040 3.655620 32.206330
-0.775721 46.706780 3.491500 35.679930
-0.884520 50.132480 3.301080 39.169900
-0.993630 53.521590 3.106846 42.617470
-1.089707 56.883700 2.899228 45.961950
-1.185006 60.248880 2.769649 49.325280
-1.270319 63.565850 2.583493 52.616690
-1.374798 66.868940 2.335190 55.872220
-1.472152 70.155470 2.169787 59.167130
-1.562229 73.416080 2.042062 62.452480
-1.660434 76.636610 1.839994 65.686760
-1.775229 79.852040 1.672142 68.919840
-1.895797 83.032260 1.463248 72.160880
-2.017852 86.185380 1.266346 75.382450
-2.146481 89.329260 1.092714 78.532700
-2.263400 92.442530 0.898047 81.585940
-2.372203 95.538220 0.703258 84.605910
-2.465941 98.605540 0.547047 87.650540
-2.540211 101.651500 0.372123 90.768460
-2.582148 104.696700 0.265248 93.846520
-2.595436 107.674300 0.176044 96.798500
-2.621977 110.691900 0.069485 99.829200
-2.648827 113.786700 -0.017532 102.938200
-2.681214 116.967200 -0.125885 106.166300
-2.721440 120.204500 -0.226546 109.347300
-2.774777 123.506700 -0.366796 112.662400
-2.842109 126.902400 -0.490996 116.071600
-2.924595 130.351000 -0.670001 119.573900
-3.024507 133.819600 -0.840560 123.060800
-3.138966 137.262500 -1.035815 126.513600
-3.265946 140.693500 -1.228870 129.936000
-3.389718 144.095500 -1.424671 133.284400
-3.526115 147.467500 -1.617407 136.651900
-3.671472 150.775300 -1.864134 139.893500
-3.794318 154.003900 -2.072407 143.113500
-3.904131 157.172200 -2.267635 146.220900
-3.996788 160.276500 -2.438975 149.318800
-4.071651 163.334000 -2.606763 152.309900
-4.122556 166.368900 -2.738709 155.356500
-4.194278 169.380900 -2.928016 158.381700
-4.264263 172.440400 -3.054364 161.485800
-4.319751 175.547300 -3.200830 164.598500
-4.393173 178.705600 -3.353216 167.777900
-4.501446 181.892900 -3.545060 170.953000
-4.607667 185.156000 -3.734224 174.163400
-4.701222 188.477800 -3.924930 177.493300
-4.806531 191.849500 -4.091527 180.847000
-4.887285 195.207400 -4.292752 184.211900
-4.976513 198.565600 -4.467150 187.621700
-5.057617 201.890800 -4.628519 190.978400
-5.132018 205.179500 -4.789475 194.254100
-5.210165 208.394000 -4.904073 197.478500
-5.281372 211.451500 -5.071105 200.527600
-5.354878 214.365600 -5.174979 203.442500
-5.416052 217.205700 -5.277259 206.303900
-5.469074 220.014000 -5.368682 209.131900
-5.505322 222.798100 -5.462514 211.914400
-5.545023 225.571400 -5.550850 214.681900
-5.563610 228.337300 -5.656385 217.416700
-5.598680 231.130300 -5.837587 220.323200
-5.715519 233.992700 -6.009242 223.333500
-5.886862 236.912900 -6.159637 226.321900
-6.076718 239.911700 -6.376198 229.342000
-6.214931 243.011500 -6.573640 232.481800
-6.364206 246.210000 -6.792935 235.690200
-6.521044 249.542600 -6.978639 239.071200
-6.657659 252.972000 -7.202219 242.561900
-6.794881 256.491900 -7.389751 246.155900
-6.924264 260.026600 -7.581868 249.678700
-7.052122 263.522600 -7.766291 253.158700
-7.164917 266.998200 -7.934371 256.598500
-7.284815 270.457200 -8.117529 260.076600
-7.417194 273.852800 -8.323484 263.467500
-7.523524 277.174400 -8.488139 266.772600
-7.651625 280.358300 -8.682625 269.941500
-7.782923 283.414900 -8.839797 272.992000
-7.918403 286.315200 -9.014495 275.972600
-8.055697 289.119300 -9.188003 278.766500
-8.185460 291.911300 -9.340837 281.494100
-8.314789 294.668400 -9.535745 284.288000
-8.425515 297.433700 -9.690340 287.051700
-8.486769 300.239900 -9.795543 289.840400
-8.528132 303.087600 -9.914099 292.673800
-8.538802 306.012500 -9.977373 295.605300
-8.512542 309.030900 -9.997337 298.654700
-8.446156 312.111900 -9.990985 301.695400
-8.351900 315.297900 -9.937319 304.919700
-8.211642 318.520500 -9.824356 308.198100
-8.031870 321.816300 -9.701951 311.586400
-7.798255 325.179400 -9.507804 314.930700
-7.513710 328.583000 -9.295214 318.330400
-7.227060 332.070400 -9.073977 321.808900
-6.930360 335.644600 -8.834706 325.364600
-6.634241 339.252200 -8.559542 329.042500
-6.353320 342.849100 -8.341435 332.662700
-6.099343 346.409700 -8.142505 336.169700
-5.858059 349.945000 -7.962926 339.791700
-5.647279 353.444000 -7.794968 343.354200
-5.439992 356.885000 -7.648986 346.788900
-5.251048 360.315600 -7.507285 350.201800
-5.098453 363.671600 -7.410508 353.538200
-4.951017 366.989800 -7.328495 356.872600
-4.804541 370.256900 -7.224522 360.124900
