0 0.005676 1.422578 5.000000 5.000000
0 0.003390 1.437508 10.000000 5.555555
0 0.000876 1.397339 50.000000 8.474576
0 0.000924 1.390377 100.000000 9.090909
0 0.014397 1.274879 150.000000 7.653061
0 0.011290 1.207521 200.000000 7.633588
0 0.009826 1.179662 250.000000 7.668712
0 0.007263 1.169070 300.000000 7.159904
10 0.004905 1.510139 5.000000 5.555555
10 0.003535 1.427161 10.000000 6.666667
10 0.000615 1.438592 50.000000 9.090909
10 0.002658 1.413532 100.000000 8.849558
10 0.014631 1.271359 150.000000 7.772021
10 0.011393 1.213910 200.000000 7.722008
10 0.009768 1.184242 250.000000 7.692307
10 0.004855 1.188016 300.000000 7.075472
20 0.004926 1.629827 5.000000 6.250000
20 0.002808 1.460125 10.000000 7.692307
20 0.000381 1.416397 50.000000 9.803922
20 0.015773 1.406626 100.000000 8.196721
20 0.014618 1.255642 150.000000 7.772021
20 0.011332 1.210321 200.000000 7.782101
20 0.009401 1.181690 250.000000 7.668712
20 0.002507 1.198218 300.000000 7.042253
30 0.004296 1.628114 5.000000 7.142857
30 0.002683 1.531058 10.000000 8.333333
30 0.000410 1.433399 50.000000 10.204082
30 0.021664 1.373490 100.000000 7.751938
30 0.015082 1.241663 150.000000 7.692307
30 0.011444 1.210435 200.000000 7.782101
30 0.008927 1.192361 250.000000 7.552870
30 0.001676 1.216185 300.000000 7.009346
40 0.002591 1.476041 5.000000 8.333333
40 0.001719 1.496781 10.000000 9.090909
40 0.000528 1.428792 50.000000 10.416667
40 0.021566 1.320582 100.000000 7.575758
40 0.015085 1.231156 150.000000 7.537688
40 0.011551 1.207562 200.000000 7.692307
40 0.009628 1.191432 250.000000 7.331378
40 0.001721 1.221167 300.000000 6.993007
50 0.002432 1.523569 5.000000 8.333333
50 0.000614 1.524678 10.000000 9.090909
50 0.000685 1.426000 50.000000 10.204082
50 0.021618 1.281333 100.000000 7.407407
50 0.015205 1.222949 150.000000 7.425743
50 0.012098 1.211095 200.000000 7.575758
50 0.009859 1.197978 250.000000 7.142857
50 0.001704 1.235106 300.000000 6.976744
60 0.002325 1.507910 5.000000 8.333333
60 0.003154 1.518189 10.000000 9.090909
60 0.000589 1.398006 50.000000 9.259259
60 0.021801 1.263534 100.000000 7.194244
60 0.015146 1.227152 150.000000 7.317073
60 0.012263 1.214704 200.000000 7.407407
60 0.008023 1.211206 250.000000 6.868132
60 0.001624 1.248048 300.000000 6.944445
70 0.004914 1.529636 5.000000 8.333333
70 0.001416 1.534973 10.000000 9.090909
70 0.033155 1.416066 50.000000 6.849315
70 0.022116 1.263194 100.000000 6.944445
70 0.015200 1.249645 150.000000 7.246377
70 0.011727 1.242014 200.000000 7.220217
70 0.002903 1.262148 250.000000 6.631300
70 0.001426 1.274246 300.000000 6.849315
80 0.001680 1.494834 5.000000 8.333333
80 0.001039 1.486762 10.000000 9.090909
80 0.043185 1.325327 50.000000 6.024096
80 0.022548 1.264661 100.000000 6.711410
80 0.015334 1.274777 150.000000 7.109005
80 0.011649 1.267185 200.000000 6.968641
80 0.002014 1.278080 250.000000 6.561680
80 0.002566 1.266232 300.000000 6.622517
90 0.003738 1.644876 5.000000 7.142857
90 0.003503 1.412617 10.000000 8.333333
90 0.043507 1.307247 50.000000 5.747127
90 0.022788 1.294967 100.000000 6.535948
90 0.015587 1.302782 150.000000 6.976744
90 0.012294 1.287497 200.000000 6.711410
90 0.002089 1.295223 250.000000 6.527415
90 0.006886 1.192421 300.000000 6.396588
100 0.007537 1.379529 5.000000 6.250000
100 0.011377 1.384714 10.000000 5.555555
100 0.043857 1.348511 50.000000 5.681818
100 0.023200 1.343288 100.000000 6.451613
100 0.016599 1.336859 150.000000 6.880734
100 0.012428 1.311917 200.000000 6.578948
100 0.002151 1.316161 250.000000 6.527415
100 0.006734 1.122968 300.000000 6.342494
110 0.063921 1.534093 5.000000 3.846154
110 0.124251 1.590459 10.000000 3.703704
110 0.043954 1.402254 50.000000 5.747127
110 0.022917 1.358868 100.000000 6.535948
110 0.016512 1.329798 150.000000 6.912442
110 0.010905 1.309118 200.000000 6.451613
110 0.002165 1.304203 250.000000 6.578948
110 0.006310 1.057221 300.000000 6.369427
120 0.175054 1.582440 5.000000 3.333333
120 0.176072 1.551808 10.000000 3.571429
120 0.040566 1.431657 50.000000 6.024096
120 0.021159 1.382698 100.000000 6.756757
120 0.015243 1.355184 150.000000 7.009346
120 0.007051 1.343518 200.000000 6.410256
120 0.001193 1.300416 250.000000 6.648936
120 0.006913 1.002210 300.000000 6.437768
130 0.213773 1.337062 5.000000 3.333333
130 0.146462 1.344888 10.000000 3.846154
130 0.030497 1.265596 50.000000 6.410256
130 0.016137 1.245311 100.000000 6.993007
130 0.011803 1.220419 150.000000 7.142857
130 0.001542 1.212932 200.000000 6.451613
130 0.001488 1.121877 250.000000 6.738544
130 0.008401 0.822023 300.000000 6.521739
140 0.130445 0.767901 5.000000 3.846154
140 0.074282 0.732713 10.000000 4.761905
140 0.015809 0.713343 50.000000 6.849315
140 0.008821 0.708598 100.000000 7.299270
140 0.006413 0.700832 150.000000 7.281553
140 0.003956 0.691755 200.000000 6.535948
140 0.004562 0.616550 250.000000 6.811989
140 0.009778 0.431271 300.000000 6.607930
150 0.028619 0.145909 5.000000 5.000000
150 0.013758 0.134866 10.000000 5.882353
150 0.004929 0.127840 50.000000 7.246377
150 0.002951 0.133271 100.000000 7.575758
150 0.001073 0.135000 150.000000 7.352941
150 0.007729 0.132622 200.000000 6.622517
150 0.007198 0.115972 250.000000 6.830601
150 0.010280 0.077324 300.000000 6.681514
160 0.001212 0.037904 5.000000 6.250000
160 0.001387 0.042152 10.000000 6.666667
160 0.002689 0.026176 50.000000 7.352941
160 0.001898 0.024399 100.000000 7.751938
160 0.001062 0.019462 150.000000 7.352941
160 0.008764 0.018866 200.000000 6.666667
160 0.010269 0.016746 250.000000 6.756757
160 0.010356 0.010846 300.000000 6.741573
170 0.004275 0.067824 5.000000 6.250000
170 0.002714 0.065268 10.000000 7.142857
170 0.002884 0.026595 50.000000 7.352941
170 0.002327 0.026570 100.000000 7.751938
170 0.002178 0.023850 150.000000 7.142857
170 0.008761 0.022358 200.000000 6.711410
170 0.012455 0.019318 250.000000 6.596306
170 0.010370 0.011401 300.000000 6.756757
180 0.003499 0.063145 5.000000 6.250000
180 0.001732 0.047931 10.000000 7.142857
180 0.003027 0.043225 50.000000 7.352941
180 0.002994 0.041739 100.000000 7.692307
180 0.002614 0.040113 150.000000 6.976744
180 0.008840 0.035945 200.000000 6.734007
180 0.012525 0.029622 250.000000 6.493506
180 0.010334 0.017999 300.000000 6.772009
190 0.004022 0.040475 5.000000 6.250000
190 0.002877 0.032780 10.000000 7.142857
190 0.003024 0.037666 50.000000 7.352941
190 0.003845 0.035525 100.000000 7.575758
190 0.001995 0.033482 150.000000 6.818182
190 0.008965 0.029256 200.000000 6.756757
190 0.012481 0.021958 250.000000 6.476684
190 0.010382 0.012841 300.000000 6.787330
200 0.002830 0.059715 5.000000 6.250000
200 0.003503 0.061884 10.000000 6.250000
200 0.002187 0.059615 50.000000 7.352941
200 0.003138 0.055779 100.000000 7.518797
200 0.003801 0.052880 150.000000 6.521739
200 0.009213 0.045544 200.000000 6.779661
200 0.012469 0.031159 250.000000 6.493506
200 0.010394 0.018519 300.000000 6.818182
210 0.010830 0.081840 5.000000 5.555555
210 0.007996 0.074632 10.000000 6.250000
210 0.001760 0.071709 50.000000 7.575758
210 0.001936 0.067441 100.000000 7.407407
210 0.010086 0.063292 150.000000 6.382979
210 0.009404 0.054874 200.000000 6.779661
210 0.012419 0.034359 250.000000 6.527415
210 0.010354 0.020105 300.000000 6.864988
220 0.001919 0.163411 5.000000 5.555555
220 0.002043 0.131598 10.000000 6.666667
220 0.000813 0.133766 50.000000 7.812500
220 0.001127 0.128682 100.000000 7.352941
220 0.012142 0.120215 150.000000 6.410256
220 0.010603 0.100297 200.000000 6.688963
220 0.012358 0.058346 250.000000 6.578948
220 0.010314 0.031378 300.000000 6.912442
230 0.001599 0.129114 5.000000 6.250000
230 0.002180 0.140247 10.000000 6.666667
230 0.001491 0.146569 50.000000 7.936508
230 0.001275 0.142113 100.000000 7.142857
230 0.012451 0.127916 150.000000 6.437768
230 0.014835 0.105305 200.000000 6.514658
230 0.012397 0.057755 250.000000 6.596306
230 0.010344 0.029644 300.000000 6.944445
240 0.002115 0.172075 5.000000 6.250000
240 0.002639 0.166124 10.000000 7.142857
240 0.002169 0.163736 50.000000 7.936508
240 0.002127 0.157347 100.000000 6.896552
240 0.012580 0.135748 150.000000 6.493506
240 0.015537 0.105306 200.000000 6.329114
240 0.012422 0.056134 250.000000 6.631300
240 0.010313 0.028185 300.000000 6.976744
250 0.003164 0.224772 5.000000 6.250000
250 0.001718 0.190310 10.000000 7.692307
250 0.003786 0.181520 50.000000 7.936508
250 0.002260 0.176879 100.000000 6.711410
250 0.012755 0.146273 150.000000 6.521739
250 0.015569 0.103598 200.000000 6.269592
250 0.012417 0.053044 250.000000 6.648936
250 0.010256 0.028332 300.000000 7.009346
260 0.001188 0.170186 5.000000 7.142857
260 0.001362 0.172934 10.000000 7.692307
260 0.005027 0.160282 50.000000 7.692307
260 0.000509 0.156407 100.000000 6.369427
260 0.012836 0.126636 150.000000 6.550218
260 0.015570 0.083085 200.000000 6.269592
260 0.012467 0.041011 250.000000 6.666667
260 0.010316 0.025297 300.000000 7.042253
270 0.003620 0.145441 5.000000 7.142857
270 0.002815 0.148268 10.000000 7.692307
270 0.003587 0.143559 50.000000 7.352941
270 0.012071 0.138930 100.000000 5.952381
270 0.013000 0.111816 150.000000 6.550218
270 0.015603 0.064820 200.000000 6.269592
270 0.012499 0.031819 250.000000 6.684492
270 0.010357 0.025316 300.000000 7.058824
280 0.006010 0.192046 5.000000 6.250000
280 0.006445 0.169964 10.000000 7.142857
280 0.002475 0.157293 50.000000 6.849315
280 0.018116 0.145373 100.000000 5.813953
280 0.013561 0.116633 150.000000 6.382979
280 0.015472 0.058684 200.000000 6.289308
280 0.012397 0.031253 250.000000 6.720430
280 0.010300 0.035059 300.000000 7.075472
290 0.005656 0.211323 5.000000 6.250000
290 0.006649 0.213705 10.000000 6.666667
290 0.000904 0.195458 50.000000 6.410256
290 0.019113 0.167362 100.000000 5.813953
290 0.019033 0.131004 150.000000 6.147541
290 0.015424 0.059812 200.000000 6.309148
290 0.012342 0.037948 250.000000 6.738544
290 0.010259 0.051390 300.000000 7.109005
300 0.008223 0.255415 5.000000 6.250000
300 0.014330 0.253406 10.000000 6.666667
300 0.002256 0.239170 50.000000 6.024096
300 0.019458 0.189383 100.000000 5.882353
300 0.020818 0.135941 150.000000 5.905512
300 0.015343 0.060920 200.000000 6.329114
300 0.012223 0.053045 250.000000 6.775068
300 0.010178 0.074201 300.000000 7.159904
310 0.016583 0.336533 5.000000 6.250000
310 0.008310 0.352449 10.000000 6.250000
310 0.001786 0.328752 50.000000 5.747127
310 0.020371 0.244559 100.000000 5.952381
310 0.020527 0.158358 150.000000 5.836576
310 0.015371 0.074050 200.000000 6.369427
310 0.012178 0.080233 250.000000 6.830601
310 0.010226 0.112644 300.000000 7.194244
320 0.004053 0.437484 5.000000 5.555555
320 0.008069 0.394789 10.000000 6.250000
320 0.002029 0.397672 50.000000 5.555555
320 0.021386 0.296066 100.000000 6.024096
320 0.020667 0.175745 150.000000 5.859375
320 0.015567 0.090135 200.000000 6.410256
320 0.012347 0.110891 250.000000 6.868132
320 0.010286 0.149728 300.000000 7.246377
330 0.011960 0.360481 5.000000 5.555555
330 0.020271 0.367301 10.000000 5.555555
330 0.015677 0.363862 50.000000 5.102041
330 0.021420 0.267340 100.000000 6.097561
330 0.020841 0.143048 150.000000 5.905512
330 0.015619 0.087915 200.000000 6.472492
330 0.012419 0.116279 250.000000 6.925208
330 0.010307 0.151046 300.000000 7.299270
340 0.038751 0.293224 5.000000 5.000000
340 0.024872 0.298241 10.000000 5.263158
340 0.032322 0.285467 50.000000 4.901961
340 0.021162 0.218084 100.000000 6.172840
340 0.020932 0.106541 150.000000 5.976096
340 0.015694 0.078421 200.000000 6.535948
340 0.012519 0.104877 250.000000 7.002801
340 0.010353 0.132913 300.000000 7.352941
350 0.006957 0.099559 5.000000 4.545455
350 0.019055 0.086030 10.000000 5.000000
350 0.034740 0.074262 50.000000 4.950495
350 0.019514 0.069405 100.000000 6.134969
350 0.020893 0.034082 150.000000 6.072875
350 0.015702 0.025337 200.000000 6.622517
350 0.012515 0.030824 250.000000 7.082153
350 0.010376 0.038466 300.000000 7.389163
360 0.038125 0.094856 5.000000 4.545455
360 0.024143 0.095833 10.000000 4.761905
360 0.036444 0.077691 50.000000 5.102041
360 0.024092 0.070149 100.000000 6.024096
360 0.020667 0.037500 150.000000 6.147541
360 0.015541 0.036297 200.000000 6.734007
360 0.012419 0.044172 250.000000 7.183908
360 0.010287 0.051901 300.000000 7.444169
370 0.011396 0.309651 5.000000 4.166667
370 0.011819 0.297740 10.000000 4.761905
370 0.039899 0.218397 50.000000 5.319149
370 0.030898 0.184182 100.000000 5.917160
370 0.020670 0.098707 150.000000 6.276151
370 0.015497 0.112740 200.000000 6.825939
370 0.012365 0.139231 250.000000 7.267442
370 0.010264 0.160179 300.000000 7.481297
380 0.013519 0.371187 5.000000 4.545455
380 0.006130 0.355174 10.000000 5.000000
380 0.040876 0.245936 50.000000 5.617978
380 0.031228 0.201007 100.000000 5.813953
380 0.020690 0.122870 150.000000 6.382979
380 0.015459 0.145983 200.000000 6.944445
380 0.012350 0.175003 250.000000 7.396450
380 0.010295 0.198969 300.000000 7.500000
390 0.002554 0.406695 5.000000 5.000000
390 0.009530 0.406600 10.000000 5.000000
390 0.042343 0.288792 50.000000 5.882353
390 0.031295 0.219166 100.000000 5.813953
390 0.020718 0.158120 150.000000 6.493506
390 0.015445 0.190597 200.000000 7.067138
390 0.012380 0.225647 250.000000 7.485030
390 0.010461 0.250988 300.000000 7.444169
400 0.022953 0.417487 5.000000 4.166667
400 0.058978 0.381034 10.000000 4.166667
400 0.042313 0.285036 50.000000 6.172840
400 0.031139 0.203209 100.000000 5.847953
400 0.020859 0.170426 150.000000 6.607930
400 0.015460 0.203058 200.000000 7.168459
400 0.012430 0.234205 250.000000 7.575758
400 0.009810 0.255590 300.000000 7.317073
410 0.099650 0.292556 5.000000 3.571429
410 0.129572 0.287521 10.000000 3.703704
410 0.041250 0.245314 50.000000 6.493506
410 0.031411 0.164776 100.000000 5.988024
410 0.020886 0.144117 150.000000 6.726458
410 0.015630 0.165817 200.000000 7.299270
410 0.012500 0.187774 250.000000 7.692307
410 0.008436 0.200868 300.000000 7.317073
420 0.150123 0.093280 5.000000 3.571429
420 0.137943 0.068515 10.000000 4.166667
420 0.035078 0.022216 50.000000 7.042253
420 0.031326 0.020015 100.000000 6.211180
420 0.020890 0.040647 150.000000 6.912442
420 0.015573 0.050531 200.000000 7.462687
420 0.012497 0.054992 250.000000 7.836991
420 0.006997 0.055064 300.000000 7.371007
430 0.150200 0.575226 5.000000 4.166667
430 0.106415 0.524698 10.000000 5.000000
430 0.025039 0.441952 50.000000 7.575758
430 0.030018 0.252060 100.000000 6.410256
430 0.020064 0.276642 150.000000 7.109005
430 0.014920 0.333334 200.000000 7.633588
430 0.012052 0.374871 250.000000 7.987220
430 0.005374 0.383876 300.000000 7.462687
440 0.070263 1.066693 5.000000 5.555555
440 0.050597 1.062900 10.000000 6.250000
440 0.012028 0.989947 50.000000 8.064516
440 0.026764 0.527920 100.000000 6.622517
440 0.017991 0.551049 150.000000 7.281553
440 0.013354 0.649277 200.000000 7.782101
440 0.010914 0.724350 250.000000 8.116883
440 0.003247 0.722159 300.000000 7.537688
450 0.021803 1.424703 5.000000 6.250000
450 0.010522 1.385664 10.000000 7.142857
450 0.005407 1.278473 50.000000 7.692307
450 0.024365 0.624241 100.000000 6.756757
450 0.016405 0.685077 150.000000 7.425743
450 0.012194 0.802568 200.000000 7.905138
450 0.009952 0.895246 250.000000 8.143323
450 0.001959 0.852573 300.000000 7.575758
460 0.002694 1.467391 5.000000 7.142857
460 0.003135 1.479862 10.000000 7.692307
460 0.026784 1.274863 50.000000 6.756757
460 0.023470 0.639762 100.000000 6.802721
460 0.015868 0.770841 150.000000 7.462687
460 0.011919 0.889459 200.000000 7.936508
460 0.009568 0.970476 250.000000 8.116883
460 0.001680 0.880041 300.000000 7.575758
470 0.002032 1.488141 5.000000 7.142857
470 0.001448 1.357825 10.000000 8.333333
470 0.049464 0.957544 50.000000 5.747127
470 0.023617 0.696716 100.000000 6.802721
470 0.016004 0.870236 150.000000 7.500000
470 0.012060 0.981345 200.000000 7.968128
470 0.009181 1.051414 250.000000 7.936508
470 0.001739 0.903591 300.000000 7.537688
480 0.003738 1.465783 5.000000 7.142857
480 0.004124 1.431535 10.000000 7.692307
480 0.049900 0.702308 50.000000 5.494505
480 0.023483 0.826182 100.000000 6.756757
480 0.015841 0.978972 150.000000 7.537688
480 0.012137 1.072628 200.000000 8.000000
480 0.004904 1.115648 250.000000 7.552870
480 0.000822 0.920865 300.000000 7.371007
490 0.005127 1.517796 5.000000 6.250000
490 0.005900 1.359808 10.000000 6.666667
490 0.047441 0.713346 50.000000 5.434783
490 0.023772 0.978580 100.000000 6.802721
490 0.015727 1.112388 150.000000 7.537688
490 0.012105 1.173934 200.000000 8.032128
490 0.001804 1.152000 250.000000 7.418397
490 0.004210 0.918006 300.000000 7.159904
500 0.005714 1.353303 5.000000 5.000000
500 0.038991 1.365879 10.000000 4.545455
500 0.046469 0.897757 50.000000 5.555555
500 0.023514 1.127999 100.000000 6.896552
500 0.015502 1.212190 150.000000 7.653061
500 0.012009 1.262161 200.000000 8.064516
500 0.001621 1.167225 250.000000 7.396450
500 0.006120 0.892550 300.000000 7.092198
510 0.085446 1.371619 5.000000 3.846154
510 0.133593 1.085295 10.000000 4.000000
510 0.045975 1.106357 50.000000 5.747127
510 0.023268 1.237953 100.000000 7.092198
510 0.015345 1.286236 150.000000 7.812500
510 0.011832 1.316417 200.000000 8.163265
510 0.001549 1.170372 250.000000 7.485030
510 0.006313 0.868273 300.000000 7.125891
520 0.192885 1.139019 5.000000 3.571429
520 0.190577 0.923929 10.000000 3.703704
520 0.041271 1.287907 50.000000 6.097561
520 0.020924 1.340751 100.000000 7.407407
520 0.013905 1.376673 150.000000 8.021390
520 0.010600 1.391909 200.000000 8.298756
520 0.000412 1.185466 250.000000 7.575758
520 0.007141 0.851342 300.000000 7.211538
530 0.225813 0.876535 5.000000 3.333333
530 0.150995 0.967111 10.000000 3.703704
530 0.028353 1.175661 50.000000 6.578948
530 0.014550 1.197284 100.000000 7.692307
530 0.009739 1.203992 150.000000 8.287292
530 0.007411 1.217319 200.000000 8.438819
530 0.002434 0.953384 250.000000 7.692307
530 0.008770 0.646483 300.000000 7.299270
540 0.127587 0.539331 5.000000 3.571429
540 0.080535 0.625537 10.000000 4.347826
540 0.012398 0.632454 50.000000 7.142857
540 0.006617 0.618378 100.000000 8.130081
540 0.004493 0.619775 150.000000 8.620689
540 0.003400 0.634763 200.000000 8.620689
540 0.005654 0.418437 250.000000 7.812500
540 0.010149 0.330959 300.000000 7.389163
550 0.043875 0.171358 5.000000 4.545455
550 0.024029 0.233263 10.000000 5.263158
550 0.001629 0.106832 50.000000 7.692307
550 0.001219 0.101697 100.000000 8.547009
550 0.000892 0.103901 150.000000 8.928572
550 0.000475 0.109138 200.000000 8.695652
550 0.007686 0.336235 250.000000 7.936508
550 0.010395 0.418046 300.000000 7.500000
560 0.008186 0.111666 5.000000 5.555555
560 0.008092 0.061005 10.000000 6.666667
560 0.003714 0.164068 50.000000 8.333333
560 0.001328 0.174347 100.000000 8.849558
560 0.000767 0.172906 150.000000 9.202454
560 0.002314 0.160226 200.000000 8.620689
560 0.008324 0.507202 250.000000 7.987220
560 0.010400 0.514343 300.000000 7.556675
570 0.019390 0.098311 5.000000 6.250000
570 0.014389 0.131166 10.000000 7.692307
570 0.003607 0.215227 50.000000 8.620689
570 0.001291 0.196038 100.000000 9.090909
570 0.000518 0.186843 150.000000 9.375000
570 0.007176 0.211623 200.000000 8.298756
570 0.009272 0.569785 250.000000 7.861635
570 0.010425 0.520975 300.000000 7.594937
580 0.004651 0.166814 5.000000 7.142857
580 0.002381 0.160227 10.000000 7.692307
580 0.000265 0.156436 50.000000 8.771930
580 0.000228 0.129349 100.000000 9.259259
580 0.000458 0.116985 150.000000 9.433962
580 0.009933 0.216037 200.000000 8.097166
580 0.011944 0.547777 250.000000 7.598784
580 0.010372 0.475668 300.000000 7.575758
590 0.002053 0.144014 5.000000 7.142857
590 0.001254 0.141074 10.000000 7.692307
590 0.000719 0.137268 50.000000 8.928572
590 0.000104 0.120863 100.000000 9.345795
590 0.000800 0.106776 150.000000 9.433962
590 0.009895 0.282540 200.000000 8.032128
590 0.012417 0.541539 250.000000 7.485030
590 0.010333 0.465713 300.000000 7.537688
600 0.002321 0.152267 5.000000 7.142857
600 0.001720 0.155508 10.000000 7.692307
600 0.000599 0.130485 50.000000 9.090909
600 0.000274 0.120780 100.000000 9.345795
600 0.000512 0.100238 150.000000 9.316771
600 0.009820 0.369205 200.000000 8.000000
600 0.012483 0.543100 250.000000 7.440476
600 0.010312 0.467319 300.000000 7.481297
610 0.002023 0.155302 5.000000 7.142857
610 0.001916 0.162971 10.000000 7.692307
610 0.000863 0.117546 50.000000 9.259259
610 0.000571 0.113295 100.000000 9.523809
610 0.000353 0.099134 150.000000 9.146341
610 0.009672 0.441354 200.000000 7.968128
610 0.012409 0.536227 250.000000 7.418397
610 0.010295 0.462550 300.000000 7.425743
620 0.003042 0.179386 5.000000 7.142857
620 0.001160 0.161457 10.000000 8.333333
620 0.001267 0.111799 50.000000 9.259259
620 0.000825 0.111145 100.000000 9.615385
620 0.002352 0.107220 150.000000 8.620689
620 0.009483 0.511345 200.000000 7.874016
620 0.012419 0.531893 250.000000 7.396450
620 0.010305 0.456116 300.000000 7.352941
630 0.008298 0.134731 5.000000 7.142857
630 0.004245 0.112633 10.000000 8.333333
630 0.000915 0.100697 50.000000 9.433962
630 0.001026 0.100928 100.000000 9.615385
630 0.010975 0.151335 150.000000 7.978724
630 0.012676 0.589634 200.000000 7.518797
630 0.012439 0.527973 250.000000 7.374631
630 0.010399 0.447275 300.000000 7.334963
640 0.003620 0.107831 5.000000 7.142857
640 0.001872 0.101128 10.000000 8.333333
640 0.000588 0.103556 50.000000 9.433962
640 0.000891 0.092908 100.000000 9.615385
640 0.013422 0.283440 150.000000 7.772021
640 0.015444 0.653038 200.000000 7.220217
640 0.012443 0.539746 250.000000 7.309941
640 0.010441 0.446054 300.000000 7.334963
650 0.000718 0.103012 5.000000 7.142857
650 0.000618 0.092187 10.000000 8.333333
650 0.000459 0.106237 50.000000 9.433962
650 0.000724 0.079281 100.000000 9.433962
650 0.013300 0.408647 150.000000 7.692307
650 0.015588 0.657766 200.000000 7.117438
650 0.012398 0.541341 250.000000 7.246377
650 0.010449 0.442532 300.000000 7.334963
660 0.001299 0.107982 5.000000 7.142857
660 0.001371 0.093996 10.000000 8.333333
660 0.000303 0.110098 50.000000 9.615385
660 0.000372 0.079098 100.000000 9.174312
660 0.013184 0.537336 150.000000 7.614213
660 0.015616 0.659214 200.000000 7.067138
660 0.012355 0.542274 250.000000 7.142857
660 0.010466 0.439437 300.000000 7.334963
670 0.003772 0.109918 5.000000 7.142857
670 0.002863 0.111905 10.000000 8.333333
670 0.000296 0.111721 50.000000 9.615385
670 0.002405 0.087492 100.000000 8.403361
670 0.013059 0.669137 150.000000 7.462687
670 0.015509 0.663752 200.000000 7.017544
670 0.012315 0.540069 250.000000 7.042253
670 0.010379 0.436914 300.000000 7.334963
680 0.003360 0.154743 5.000000 7.142857
680 0.001213 0.142454 10.000000 8.333333
680 0.001195 0.100569 50.000000 9.615385
680 0.015175 0.181846 100.000000 7.407407
680 0.015922 0.777455 150.000000 7.075472
680 0.015420 0.659076 200.000000 6.968641
680 0.012359 0.530691 250.000000 7.002801
680 0.010296 0.435616 300.000000 7.334963
690 0.002492 0.150567 5.000000 7.142857
690 0.000985 0.134922 10.000000 8.333333
690 0.001789 0.086204 50.000000 9.615385
690 0.019969 0.347130 100.000000 7.092198
690 0.020355 0.838211 150.000000 6.666667
690 0.015459 0.654408 200.000000 6.896552
690 0.012506 0.521770 250.000000 6.983240
690 0.010340 0.429782 300.000000 7.317073
700 0.004341 0.125435 5.000000 7.142857
700 0.003764 0.104942 10.000000 8.333333
700 0.002024 0.076776 50.000000 9.259259
700 0.019685 0.537352 100.000000 6.944445
700 0.020702 0.839930 150.000000 6.521739
700 0.015498 0.652824 200.000000 6.825939
700 0.012561 0.516681 250.000000 6.983240
700 0.010438 0.416829 300.000000 7.317073
710 0.001061 0.074495 5.000000 8.333333
710 0.001228 0.073646 10.000000 9.090909
710 0.000581 0.054639 50.000000 8.620689
710 0.019830 0.741720 100.000000 6.849315
710 0.020775 0.846940 150.000000 6.465517
710 0.015418 0.653820 200.000000 6.711410
710 0.012552 0.508507 250.000000 6.983240
710 0.010388 0.396451 300.000000 7.299270
720 0.003024 0.068728 5.000000 7.142857
720 0.002192 0.051144 10.000000 8.333333
720 0.003966 0.055915 50.000000 7.462687
720 0.019715 0.941807 100.000000 6.666667
720 0.020714 0.851559 150.000000 6.410256
720 0.015416 0.650725 200.000000 6.578948
720 0.012446 0.504519 250.000000 6.983240
720 0.010369 0.384948 300.000000 7.281553
730 0.002360 0.044133 5.000000 7.142857
730 0.002699 0.037794 10.000000 8.333333
730 0.030528 0.274617 50.000000 5.952381
730 0.023462 1.127809 100.000000 6.250000
730 0.020723 0.854667 150.000000 6.329114
730 0.015550 0.638039 200.000000 6.514658
730 0.012443 0.496355 250.000000 6.963789
730 0.010297 0.369435 300.000000 7.246377
740 0.003200 0.029917 5.000000 7.142857
740 0.002378 0.026083 10.000000 7.692307
740 0.041315 0.657175 50.000000 5.555555
740 0.030485 1.251103 100.000000 5.780347
740 0.020617 0.853804 150.000000 6.276151
740 0.015602 0.625096 200.000000 6.514658
740 0.012381 0.483271 250.000000 6.963789
740 0.010386 0.355593 300.000000 7.194244
750 0.005474 0.030174 5.000000 6.250000
750 0.004401 0.048361 10.000000 6.666667
750 0.041264 1.011493 50.000000 5.494505
750 0.030924 1.267733 100.000000 5.649717
750 0.020561 0.849998 150.000000 6.224066
750 0.015621 0.612011 200.000000 6.535948
750 0.012388 0.459997 250.000000 6.983240
750 0.010457 0.338823 300.000000 7.109005
760 0.003300 0.070913 5.000000 5.555555
760 0.005611 0.093814 10.000000 5.882353
760 0.040394 1.293733 50.000000 5.555555
760 0.031083 1.262977 100.000000 5.649717
760 0.020523 0.855927 150.000000 6.224066
760 0.015617 0.617632 200.000000 6.600660
760 0.012564 0.458999 250.000000 7.022472
760 0.010358 0.342896 300.000000 6.912442
770 0.015769 0.136123 5.000000 4.545455
770 0.039573 0.251353 10.000000 4.347826
770 0.039700 1.568808 50.000000 5.617978
770 0.030972 1.265177 100.000000 5.714286
770 0.020484 0.863712 150.000000 6.198347
770 0.015621 0.625866 200.000000 6.666667
770 0.012522 0.463956 250.000000 7.082153
770 0.009594 0.334759 300.000000 6.802721
780 0.070895 0.375367 5.000000 3.571429
780 0.114696 0.809922 10.000000 3.448276
780 0.038315 1.746108 50.000000 5.813953
780 0.030980 1.277362 100.000000 5.813953
780 0.020492 0.888174 150.000000 6.250000
780 0.015540 0.659962 200.000000 6.756757
780 0.012424 0.499235 250.000000 7.163324
780 0.008808 0.349550 300.000000 6.802721
790 0.146802 0.893569 5.000000 3.125000
790 0.142895 1.327474 10.000000 3.571429
790 0.033877 1.828376 50.000000 6.097561
790 0.030869 1.317386 100.000000 5.988024
790 0.020599 0.972755 150.000000 6.355932
790 0.015571 0.776866 200.000000 6.896552
790 0.012406 0.633856 250.000000 7.267442
790 0.008732 0.479750 300.000000 6.864988
800 0.169171 1.450193 5.000000 3.333333
800 0.128939 1.621799 10.000000 4.166667
800 0.026350 1.821375 50.000000 6.329114
800 0.029834 1.380897 100.000000 6.211180
800 0.020163 1.129049 150.000000 6.493506
800 0.015080 0.995565 200.000000 7.042253
800 0.012469 0.888503 250.000000 7.396450
800 0.008983 0.736973 300.000000 6.928406
810 0.126000 1.698122 5.000000 4.166667
810 0.078068 1.636079 10.000000 5.263158
810 0.020621 1.712362 50.000000 6.410256
810 0.026940 1.403703 100.000000 6.451613
810 0.018617 1.279418 150.000000 6.666667
810 0.013745 1.223815 200.000000 7.220217
810 0.011424 1.170466 250.000000 7.507507
810 0.009856 1.024165 300.000000 7.009346
820 0.039544 1.548293 5.000000 5.555555
820 0.018750 1.573100 10.000000 6.250000
820 0.025003 1.527417 50.000000 6.172840
820 0.022807 1.318468 100.000000 6.622517
820 0.015933 1.292078 150.000000 6.787330
820 0.011891 1.292994 200.000000 7.326007
820 0.009661 1.269954 250.000000 7.598784
820 0.010290 1.117875 300.000000 7.075472
830 0.004341 1.525965 5.000000 6.250000
830 0.003419 1.444618 10.000000 7.142857
830 0.038409 1.405957 50.000000 5.882353
830 0.021548 1.289853 100.000000 6.666667
830 0.014953 1.298226 150.000000 6.880734
830 0.011667 1.315327 200.000000 7.407407
830 0.009148 1.307228 250.000000 7.621951
830 0.010432 1.112374 300.000000 7.109005
840 0.002699 1.624277 5.000000 6.250000
840 0.002544 1.501640 10.000000 7.142857
840 0.043719 1.360258 50.000000 5.747127
840 0.021719 1.315818 100.000000 6.622517
840 0.014958 1.323245 150.000000 6.944445
840 0.012094 1.328728 200.000000 7.462687
840 0.009243 1.325185 250.000000 7.530120
840 0.010435 1.062058 300.000000 7.109005
850 0.003677 1.583622 5.000000 6.250000
850 0.001638 1.424469 10.000000 7.142857
850 0.043686 1.346474 50.000000 5.681818
850 0.021811 1.347123 100.000000 6.535948
850 0.014917 1.346530 150.000000 7.009346
850 0.011927 1.345291 200.000000 7.490637
850 0.010086 1.337466 250.000000 7.225433
850 0.010422 1.016434 300.000000 7.109005
860 0.003229 1.557394 5.000000 5.555555
860 0.001575 1.425747 10.000000 5.555555
860 0.043324 1.378626 50.000000 5.681818
860 0.021994 1.380797 100.000000 6.451613
860 0.014873 1.375048 150.000000 7.075472
860 0.011763 1.366772 200.000000 7.518797
860 0.012037 1.334070 250.000000 7.042253
860 0.010422 0.977479 300.000000 7.075472
870 0.018474 1.480776 5.000000 4.166667
870 0.067891 1.512035 10.000000 4.166667
870 0.043783 1.427332 50.000000 5.813953
870 0.022827 1.423093 100.000000 6.410256
870 0.014964 1.402727 150.000000 7.177033
870 0.011830 1.384672 200.000000 7.575758
870 0.012414 1.310572 250.000000 7.002801
870 0.009236 0.938598 300.000000 7.009346
880 0.122562 1.663976 5.000000 3.571429
880 0.141697 1.626984 10.000000 3.846154
880 0.042699 1.465492 50.000000 6.097561
880 0.022604 1.435815 100.000000 6.578948
880 0.014658 1.424178 150.000000 7.317073
880 0.011553 1.393268 200.000000 7.692307
880 0.012411 1.283455 250.000000 7.062147
880 0.007700 0.912379 300.000000 7.009346
890 0.173082 1.526692 5.000000 3.571429
890 0.155019 1.540087 10.000000 4.000000
890 0.035960 1.421410 50.000000 6.493506
890 0.019351 1.402211 100.000000 6.802721
890 0.012513 1.394370 150.000000 7.537688
890 0.009808 1.373429 200.000000 7.843137
890 0.012283 1.251232 250.000000 7.142857
890 0.008138 0.904949 300.000000 7.042253
900 0.165844 1.181787 5.000000 3.846154
900 0.113687 1.166770 10.000000 4.545455
900 0.023807 1.075793 50.000000 6.944445
900 0.013158 1.069177 100.000000 7.042253
900 0.008726 1.059737 150.000000 7.772021
900 0.006583 1.050048 200.000000 8.000000
900 0.012250 0.948812 250.000000 7.246377
900 0.009298 0.695054 300.000000 7.109005
910 0.073673 0.466063 5.000000 5.000000
910 0.048540 0.485626 10.000000 5.555555
910 0.009564 0.445414 50.000000 7.352941
910 0.005736 0.438816 100.000000 7.352941
910 0.004378 0.439334 150.000000 7.978724
910 0.002923 0.434715 200.000000 8.163265
910 0.010881 0.385192 250.000000 7.352941
910 0.010119 0.278052 300.000000 7.177033
920 0.017873 0.084189 5.000000 5.555555
920 0.007922 0.058445 10.000000 6.666667
920 0.001701 0.051884 50.000000 7.692307
920 0.001509 0.054053 100.000000 7.575758
920 0.002276 0.055326 150.000000 8.152174
920 0.000981 0.056455 200.000000 8.196721
920 0.009985 0.042512 250.000000 7.418397
920 0.010348 0.024292 300.000000 7.228916
930 0.006733 0.059390 5.000000 6.250000
930 0.004706 0.057612 10.000000 7.142857
930 0.000597 0.064343 50.000000 7.692307
930 0.000456 0.062816 100.000000 7.751938
930 0.001726 0.062855 150.000000 8.287292
930 0.000861 0.063900 200.000000 8.000000
930 0.009578 0.056794 250.000000 7.462687
930 0.010407 0.041424 300.000000 7.263923
940 0.003315 0.061422 5.000000 6.250000
940 0.001306 0.053759 10.000000 7.142857
940 0.001054 0.045848 50.000000 7.462687
940 0.000680 0.045788 100.000000 7.874016
940 0.001452 0.047097 150.000000 8.333333
940 0.003624 0.048447 200.000000 7.575758
940 0.009596 0.038507 250.000000 7.440476
940 0.010417 0.025172 300.000000 7.299270
950 0.004486 0.071845 5.000000 6.250000
950 0.002939 0.056028 10.000000 7.142857
950 0.002057 0.050555 50.000000 7.142857
950 0.000655 0.051900 100.000000 7.936508
950 0.001277 0.053157 150.000000 8.379889
950 0.007815 0.053277 200.000000 7.380074
950 0.010521 0.037985 250.000000 7.352941
950 0.010358 0.022891 300.000000 7.317073
960 0.003049 0.067699 5.000000 6.250000
960 0.002016 0.065149 10.000000 7.142857
960 0.003257 0.066182 50.000000 6.944445
960 0.000653 0.065980 100.000000 8.064516
960 0.001212 0.068030 150.000000 8.379889
960 0.010695 0.065305 200.000000 7.299270
960 0.012497 0.048380 250.000000 7.183908
960 0.010345 0.030030 300.000000 7.334963
970 0.001020 0.093030 5.000000 6.250000
970 0.000749 0.080649 10.000000 6.666667
970 0.002697 0.070610 50.000000 7.042253
970 0.001227 0.069848 100.000000 8.130081
970 0.000956 0.071588 150.000000 8.379889
970 0.011665 0.066113 200.000000 7.299270
970 0.012511 0.048841 250.000000 7.122507
970 0.010350 0.030951 300.000000 7.371007
980 0.005636 0.075397 5.000000 6.250000
980 0.000989 0.074042 10.000000 6.666667
980 0.001697 0.072136 50.000000 7.246377
980 0.002270 0.073174 100.000000 8.264462
980 0.000917 0.075729 150.000000 8.379889
980 0.012215 0.066356 200.000000 7.299270
980 0.012471 0.047093 250.000000 7.122507
980 0.010367 0.029501 300.000000 7.407407
990 0.003506 0.066743 5.000000 5.555555
990 0.002227 0.059303 10.000000 6.250000
990 0.001473 0.061164 50.000000 7.462687
990 0.002867 0.062351 100.000000 8.403361
990 0.001021 0.064623 150.000000 8.196721
990 0.012115 0.053817 200.000000 7.352941
990 0.012436 0.036211 250.000000 7.142857
990 0.010370 0.023406 300.000000 7.444169
1000 0.001468 0.068521 5.000000 5.555555
1000 0.001981 0.070072 10.000000 5.882353
1000 0.001286 0.071452 50.000000 7.936508
1000 0.002200 0.073822 100.000000 8.620689
1000 0.002370 0.074647 150.000000 7.731959
1000 0.011771 0.061513 200.000000 7.380074
1000 0.012414 0.040054 250.000000 7.204611
1000 0.010362 0.026029 300.000000 7.518797
1010 0.008892 0.070038 5.000000 5.555555
1010 0.010463 0.076464 10.000000 5.882353
1010 0.001198 0.073412 50.000000 8.333333
1010 0.001748 0.074784 100.000000 8.849558
1010 0.006797 0.075373 150.000000 7.462687
1010 0.011850 0.060420 200.000000 7.407407
1010 0.012343 0.037185 250.000000 7.267442
1010 0.010314 0.025175 300.000000 7.594937
1020 0.011922 0.126362 5.000000 5.555555
1020 0.008376 0.117975 10.000000 6.666667
1020 0.001004 0.112472 50.000000 8.771930
1020 0.001228 0.111912 100.000000 9.090909
1020 0.009994 0.111325 150.000000 7.425743
1020 0.013112 0.093690 200.000000 7.352941
1020 0.012329 0.056886 250.000000 7.331378
1020 0.010299 0.035380 300.000000 7.672634
1030 0.003449 0.215821 5.000000 6.250000
1030 0.004785 0.189110 10.000000 7.692307
1030 0.001968 0.180080 50.000000 9.259259
1030 0.001068 0.180602 100.000000 9.174312
1030 0.013091 0.174147 150.000000 7.389163
1030 0.015357 0.136289 200.000000 7.220217
1030 0.012360 0.077221 250.000000 7.374631
1030 0.010294 0.044278 300.000000 7.731959
1040 0.009408 0.185137 5.000000 7.142857
1040 0.006338 0.177111 10.000000 8.333333
1040 0.000275 0.168399 50.000000 9.433962
1040 0.000814 0.170109 100.000000 9.090909
1040 0.015061 0.155203 150.000000 7.317073
1040 0.015696 0.111902 200.000000 7.092198
1040 0.012490 0.060631 250.000000 7.396450
1040 0.010365 0.035363 300.000000 7.772021
1050 0.004636 0.102705 5.000000 8.333333
1050 0.002373 0.102304 10.000000 9.090909
1050 0.003706 0.104908 50.000000 9.433962
1050 0.000623 0.107231 100.000000 8.849558
1050 0.016100 0.092943 150.000000 7.281553
1050 0.015700 0.063793 200.000000 7.042253
1050 0.012562 0.034396 250.000000 7.396450
1050 0.010392 0.021900 300.000000 7.792208
1060 0.002671 0.100842 5.000000 7.142857
1060 0.003040 0.090505 10.000000 8.333333
1060 0.003657 0.088133 50.000000 9.259259
1060 0.001808 0.087341 100.000000 7.874016
1060 0.015772 0.072965 150.000000 7.211538
1060 0.015654 0.044280 200.000000 7.017544
1060 0.012510 0.024811 250.000000 7.396450
1060 0.010470 0.018161 300.000000 7.812500
1070 0.005347 0.084393 5.000000 7.142857
1070 0.002625 0.073493 10.000000 8.333333
1070 0.002708 0.072395 50.000000 9.090909
1070 0.011719 0.071670 100.000000 6.944445
1070 0.016178 0.059126 150.000000 7.042253
1070 0.015693 0.030407 200.000000 6.993007
1070 0.012550 0.019135 250.000000 7.418397
1070 0.010461 0.015324 300.000000 7.832898
1080 0.006931 0.098687 5.000000 7.142857
1080 0.007876 0.088511 10.000000 8.333333
1080 0.002643 0.086716 50.000000 8.928572
1080 0.019347 0.083549 100.000000 6.666667
1080 0.020257 0.065230 150.000000 6.756757
1080 0.015612 0.032442 200.000000 6.993007
1080 0.012503 0.022452 250.000000 7.440476
1080 0.010422 0.020751 300.000000 7.874016
1090 0.014240 0.159733 5.000000 7.142857
1090 0.013954 0.149523 10.000000 8.333333
1090 0.001722 0.144864 50.000000 8.620689
1090 0.022431 0.130309 100.000000 6.535948
1090 0.020896 0.093796 150.000000 6.550218
1090 0.015566 0.045902 200.000000 6.993007
1090 0.012419 0.036058 250.000000 7.462687
1090 0.010369 0.040748 300.000000 7.915567
1100 0.011072 0.298495 5.000000 7.142857
1100 0.005386 0.272213 10.000000 8.333333
1100 0.002943 0.263930 50.000000 8.333333
1100 0.022847 0.214311 100.000000 6.493506
1100 0.020853 0.134320 150.000000 6.465517
1100 0.015628 0.069340 200.000000 6.993007
1100 0.012393 0.073028 250.000000 7.507507
1100 0.010384 0.092698 300.000000 7.957560
1110 0.013497 0.337288 5.000000 7.142857
1110 0.011490 0.305087 10.000000 8.333333
1110 0.001941 0.297631 50.000000 7.142857
1110 0.022234 0.214354 100.000000 6.451613
1110 0.020847 0.115947 150.000000 6.437768
1110 0.015657 0.079364 200.000000 7.017544
1110 0.012553 0.101492 250.000000 7.530120
1110 0.010394 0.126546 300.000000 7.978724
1120 0.004666 0.210207 5.000000 7.142857
1120 0.002754 0.204588 10.000000 7.692307
1120 0.014535 0.194142 50.000000 5.681818
1120 0.022907 0.130918 100.000000 6.329114
1120 0.020707 0.065610 150.000000 6.437768
1120 0.015526 0.065253 200.000000 7.042253
1120 0.012402 0.081816 250.000000 7.575758
1120 0.010465 0.097460 300.000000 7.978724
1130 0.002327 0.186899 5.000000 6.250000
1130 0.001535 0.171380 10.000000 7.142857
1130 0.031325 0.151570 50.000000 5.319149
1130 0.027484 0.104567 100.000000 6.097561
1130 0.020680 0.057024 150.000000 6.465517
1130 0.015485 0.064810 200.000000 7.092198
1130 0.012375 0.078529 250.000000 7.621951
1130 0.010347 0.090474 300.000000 7.936508
1140 0.006729 0.192603 5.000000 6.250000
1140 0.005571 0.180271 10.000000 7.142857
1140 0.042259 0.140989 50.000000 5.208333
1140 0.030899 0.099197 100.000000 5.847953
1140 0.020657 0.064844 150.000000 6.493506
1140 0.015514 0.079199 200.000000 7.142857
1140 0.012401 0.092800 250.000000 7.692307
1140 0.010251 0.104897 300.000000 7.874016
1150 0.002928 0.146431 5.000000 6.250000
1150 0.002151 0.149501 10.000000 6.250000
1150 0.047126 0.095916 50.000000 5.208333
1150 0.030607 0.082670 100.000000 5.747127
1150 0.020563 0.062460 150.000000 6.550218
1150 0.015508 0.072758 200.000000 7.220217
1150 0.012309 0.081376 250.000000 7.763975
1150 0.010171 0.092945 300.000000 7.518797
1160 0.006164 0.143466 5.000000 4.545455
1160 0.010384 0.115963 10.000000 4.166667
1160 0.048644 0.097245 50.000000 5.263158
1160 0.030817 0.084643 100.000000 5.780347
1160 0.020558 0.068936 150.000000 6.607930
1160 0.015540 0.077654 200.000000 7.299270
1160 0.012370 0.084725 250.000000 7.861635
1160 0.010227 0.095427 300.000000 7.371007
1170 0.018323 0.129770 5.000000 3.333333
1170 0.045945 0.128787 10.000000 3.225806
1170 0.047611 0.111588 50.000000 5.494505
1170 0.031129 0.086362 100.000000 5.917160
1170 0.020754 0.078807 150.000000 6.756757
1170 0.015612 0.089321 200.000000 7.434944
1170 0.012524 0.097141 250.000000 7.987220
1170 0.010226 0.108422 300.000000 7.407407
1180 0.056962 0.199952 5.000000 2.777778
1180 0.081421 0.195638 10.000000 3.333333
1180 0.045903 0.151018 50.000000 5.813953
1180 0.031080 0.115756 100.000000 6.134969
1180 0.020725 0.120223 150.000000 6.944445
1180 0.015596 0.135065 200.000000 7.633588
1180 0.012564 0.146952 250.000000 8.143323
1180 0.010278 0.160185 300.000000 7.500000
1190 0.102155 0.319440 5.000000 3.125000
1190 0.102783 0.297864 10.000000 3.846154
1190 0.043611 0.218836 50.000000 6.250000
1190 0.031217 0.168905 100.000000 6.369427
1190 0.020817 0.187145 150.000000 7.177033
1190 0.015610 0.210003 200.000000 7.843137
1190 0.012488 0.227185 250.000000 8.333333
1190 0.010368 0.244799 300.000000 7.614213
1200 0.115818 0.611458 5.000000 3.846154
1200 0.104308 0.565740 10.000000 4.545455
1200 0.038514 0.413951 50.000000 6.756757
1200 0.030872 0.316837 100.000000 6.666667
1200 0.020539 0.361211 150.000000 7.425743
1200 0.015473 0.404320 200.000000 8.064516
1200 0.012124 0.436529 250.000000 8.503402
1200 0.010267 0.463429 300.000000 7.751938
1210 0.106014 1.027892 5.000000 4.545455
1210 0.094899 0.935360 10.000000 5.263158
1210 0.030773 0.724338 50.000000 7.042253
1210 0.029154 0.550193 100.000000 6.896552
1210 0.019358 0.629787 150.000000 7.653061
1210 0.014561 0.701184 200.000000 8.264462
1210 0.011420 0.750988 250.000000 8.650519
1210 0.009645 0.793248 300.000000 7.853403
1220 0.085237 1.253453 5.000000 5.555555
1220 0.079438 1.235366 10.000000 5.882353
1220 0.027516 1.013574 50.000000 7.042253
1220 0.026336 0.746914 100.000000 7.142857
1220 0.017419 0.864768 150.000000 7.853403
1220 0.013097 0.959359 200.000000 8.438819
1220 0.010512 1.017758 250.000000 8.741259
1220 0.008646 1.072342 300.000000 7.936508
1230 0.060186 1.589267 5.000000 5.555555
1230 0.044283 1.379031 10.000000 6.666667
1230 0.035751 1.167249 50.000000 6.666667
1230 0.022450 0.847659 100.000000 7.299270
1230 0.014757 0.986645 150.000000 8.021390
1230 0.011002 1.084917 200.000000 8.620689
1230 0.009266 1.150045 250.000000 8.771930
1230 0.007243 1.204906 300.000000 8.021390
1240 0.034981 1.523609 5.000000 6.250000
1240 0.022185 1.434797 10.000000 7.142857
1240 0.038411 1.069739 50.000000 6.410256
1240 0.019860 0.876492 100.000000 7.407407
1240 0.012868 1.023803 150.000000 8.152174
1240 0.009559 1.112310 200.000000 8.771930
1240 0.007953 1.174898 250.000000 8.620689
1240 0.006285 1.222049 300.000000 8.086253
1250 0.004572 1.430719 5.000000 7.142857
1250 0.002763 1.435272 10.000000 7.692307
1250 0.035806 0.910992 50.000000 6.329114
1250 0.018264 0.913595 100.000000 7.462687
1250 0.011886 1.044274 150.000000 8.287292
1250 0.008680 1.123438 200.000000 8.888889
1250 0.006924 1.181835 250.000000 8.038586
1250 0.005600 1.210462 300.000000 8.152174
1260 0.013510 1.664377 5.000000 6.250000
1260 0.008398 1.483026 10.000000 7.142857
1260 0.036011 0.838054 50.000000 6.329114
1260 0.017859 1.020373 100.000000 7.575758
1260 0.012142 1.141322 150.000000 8.379889
1260 0.008573 1.200271 200.000000 8.968610
1260 0.007000 1.245067 250.000000 7.936508
1260 0.005712 1.263857 300.000000 8.196721
1270 0.004164 1.538019 5.000000 5.555555
1270 0.023314 1.461588 10.000000 5.555555
1270 0.037707 0.959881 50.000000 6.410256
1270 0.018497 1.174492 100.000000 7.692307
1270 0.012589 1.254803 150.000000 8.522727
1270 0.008820 1.291011 200.000000 9.049774
1270 0.007174 1.324963 250.000000 7.936508
1270 0.005932 1.335469 300.000000 8.241758
1280 0.071041 1.412852 5.000000 4.545455
1280 0.106375 1.137738 10.000000 4.761905
1280 0.036760 1.132001 50.000000 6.666667
1280 0.018056 1.277641 100.000000 7.936508
1280 0.012155 1.327518 150.000000 8.720930
1280 0.008750 1.342533 200.000000 9.132421
1280 0.007042 1.362503 250.000000 8.012820
1280 0.005749 1.364267 300.000000 8.333333
1290 0.157625 1.006052 5.000000 4.166667
1290 0.133990 0.901200 10.000000 4.545455
1290 0.030610 1.169935 50.000000 7.042253
1290 0.014956 1.235330 100.000000 8.264462
1290 0.010008 1.261658 150.000000 8.982036
1290 0.007643 1.256260 200.000000 9.259259
1290 0.005805 1.267611 250.000000 8.116883
1290 0.004662 1.258226 300.000000 8.450705
1300 0.129547 0.592796 5.000000 4.166667
1300 0.081633 0.627358 10.000000 5.000000
1300 0.017181 0.781688 50.000000 7.575758
1300 0.008178 0.808235 100.000000 8.620689
1300 0.005356 0.810172 150.000000 9.316771
1300 0.004645 0.797980 200.000000 9.389671
1300 0.003033 0.791130 250.000000 8.278146
1300 0.002350 0.775845 300.000000 8.595988
1310 0.041550 0.165298 5.000000 5.000000
1310 0.023527 0.201665 10.000000 5.882353
1310 0.005136 0.256478 50.000000 8.196721
1310 0.002095 0.253918 100.000000 9.090909
1310 0.001260 0.250737 150.000000 9.677420
1310 0.001511 0.237258 200.000000 9.478673
1310 0.000579 0.218356 250.000000 8.417508
1310 0.000274 0.197864 300.000000 8.720930
1320 0.002532 0.069172 5.000000 6.250000
1320 0.001805 0.075807 10.000000 6.666667
1320 0.001195 0.099988 50.000000 8.620689
1320 0.000321 0.080181 100.000000 9.433962
1320 0.000355 0.076315 150.000000 10.000000
1320 0.000182 0.070000 200.000000 9.049774
1320 0.000343 0.051667 250.000000 8.532423
1320 0.000557 0.045694 300.000000 8.849558
1330 0.001487 0.087744 5.000000 7.142857
1330 0.003053 0.113297 10.000000 7.692307
1330 0.000806 0.099010 50.000000 9.090909
1330 0.000360 0.074189 100.000000 9.708738
1330 0.000458 0.066555 150.000000 10.204082
1330 0.000368 0.062695 200.000000 8.510638
1330 0.000420 0.052392 250.000000 8.620689
1330 0.000646 0.055912 300.000000 8.928572
1340 0.001328 0.141591 5.000000 7.142857
1340 0.000229 0.123694 10.000000 8.333333
1340 0.000735 0.088844 50.000000 9.259259
1340 0.000205 0.072180 100.000000 9.900990
1340 0.000748 0.062598 150.000000 10.344828
1340 0.000532 0.065108 200.000000 8.403361
1340 0.000462 0.065180 250.000000 8.680555
1340 0.000762 0.078890 300.000000 8.982036
1350 0.001303 0.085246 5.000000 7.142857
1350 0.000680 0.084008 10.000000 8.333333
1350 0.000901 0.076752 50.000000 9.433962
1350 0.000170 0.069117 100.000000 10.101010
1350 0.000841 0.056313 150.000000 10.344828
1350 0.000592 0.061637 200.000000 8.368201
1350 0.000516 0.065006 250.000000 8.710801
1350 0.000745 0.083749 300.000000 9.036144
1360 0.000414 0.095921 5.000000 7.142857
1360 0.000578 0.089789 10.000000 8.333333
1360 0.000809 0.068213 50.000000 9.615385
1360 0.000438 0.066348 100.000000 10.204082
1360 0.000168 0.056409 150.000000 10.204082
1360 0.000526 0.061729 200.000000 8.403361
1360 0.000595 0.068692 250.000000 8.771930
1360 0.000788 0.093590 300.000000 9.063444
1370 0.003659 0.104032 5.000000 7.142857
1370 0.002601 0.109401 10.000000 8.333333
1370 0.000958 0.062195 50.000000 9.803922
1370 0.000705 0.062171 100.000000 10.526316
1370 0.000393 0.059273 150.000000 9.868421
1370 0.000583 0.065506 200.000000 8.438819
1370 0.000709 0.076767 250.000000 8.802817
1370 0.000788 0.105324 300.000000 9.118541
1380 0.003051 0.106546 5.000000 7.142857
1380 0.005305 0.084154 10.000000 8.333333
1380 0.001037 0.065259 50.000000 10.204082
1380 0.000951 0.068689 100.000000 10.638298
1380 0.000791 0.077521 150.000000 8.474576
1380 0.000748 0.089309 200.000000 8.474576
1380 0.000924 0.107760 250.000000 8.833922
1380 0.000865 0.139133 300.000000 9.174312
1390 0.003235 0.038966 5.000000 8.333333
1390 0.002183 0.035051 10.000000 9.090909
1390 0.000821 0.045378 50.000000 10.416667
1390 0.000818 0.040565 100.000000 10.752688
1390 0.000582 0.050384 150.000000 8.108109
1390 0.000465 0.052833 200.000000 8.510638
1390 0.000810 0.072917 250.000000 8.896797
1390 0.000722 0.107266 300.000000 9.202454
1400 0.001593 0.031526 5.000000 8.333333
1400 0.000761 0.035105 10.000000 9.090909
1400 0.000815 0.061191 50.000000 10.416667
1400 0.000885 0.028936 100.000000 10.752688
1400 0.000521 0.039745 150.000000 8.021390
1400 0.000399 0.038113 200.000000 8.510638
1400 0.000728 0.064885 250.000000 8.896797
1400 0.000671 0.098984 300.000000 9.230769
1410 0.000655 0.046896 5.000000 8.333333
1410 0.001072 0.045872 10.000000 9.090909
1410 0.000272 0.067991 50.000000 10.638298
1410 0.000604 0.035744 100.000000 10.309278
1410 0.000432 0.041627 150.000000 7.978724
1410 0.000538 0.044331 200.000000 8.510638
1410 0.000780 0.075047 250.000000 8.928572
1410 0.000671 0.108992 300.000000 9.202454
1420 0.004268 0.039794 5.000000 8.333333
1420 0.003792 0.059924 10.000000 9.090909
1420 0.000524 0.063483 50.000000 10.869565
1420 0.000891 0.044433 100.000000 9.615385
1420 0.000476 0.038111 150.000000 7.978724
1420 0.000660 0.046455 200.000000 8.510638
1420 0.000761 0.083410 250.000000 8.928572
1420 0.000673 0.115603 300.000000 9.174312
1430 0.004780 0.105813 5.000000 8.333333
1430 0.003428 0.109658 10.000000 9.090909
1430 0.001504 0.058173 50.000000 10.869565
1430 0.000876 0.066381 100.000000 7.575758
1430 0.000832 0.070181 150.000000 7.978724
1430 0.001012 0.089628 200.000000 8.510638
1430 0.000920 0.125545 250.000000 8.960573
1430 0.001105 0.157949 300.000000 9.118541
1440 0.004324 0.096301 5.000000 8.333333
1440 0.003639 0.076390 10.000000 10.000000
1440 0.002587 0.081204 50.000000 10.869565
1440 0.001293 0.090155 100.000000 7.194244
1440 0.000890 0.106686 150.000000 7.936508
1440 0.001222 0.134191 200.000000 8.547009
1440 0.000983 0.171626 250.000000 8.960573
1440 0.001080 0.206676 300.000000 9.036144
1450 0.002738 0.050811 5.000000 8.333333
1450 0.003182 0.041818 10.000000 10.000000
1450 0.001785 0.065480 50.000000 10.416667
1450 0.000895 0.067821 100.000000 7.042253
1450 0.000738 0.080796 150.000000 7.936508
1450 0.001031 0.117356 200.000000 8.547009
1450 0.000860 0.154543 250.000000 8.960573
1450 0.000246 0.182173 300.000000 8.849558
1460 0.002683 0.018211 5.000000 8.333333
1460 0.001694 0.019465 10.000000 10.000000
1460 0.002632 0.014874 50.000000 9.259259
1460 0.000541 0.050404 100.000000 6.993007
1460 0.000717 0.064765 150.000000 7.894737
1460 0.000892 0.109208 200.000000 8.510638
1460 0.000700 0.143669 250.000000 8.896797
1460 0.001896 0.160986 300.000000 8.403361
1470 0.001507 0.032158 5.000000 8.333333
1470 0.002347 0.027053 10.000000 10.000000
1470 0.000687 0.074187 50.000000 6.410256
1470 0.000440 0.048214 100.000000 6.944445
1470 0.000849 0.065162 150.000000 7.894737
1470 0.000820 0.111755 200.000000 8.510638
1470 0.000888 0.145602 250.000000 8.802817
1470 0.005868 0.209248 300.000000 7.874016
1480 0.003366 0.042917 5.000000 8.333333
1480 0.002799 0.045488 10.000000 9.090909
1480 0.001032 0.083197 50.000000 5.376344
1480 0.000236 0.046393 100.000000 6.944445
1480 0.000848 0.066989 150.000000 7.894737
1480 0.000685 0.111073 200.000000 8.510638
1480 0.001067 0.148149 250.000000 8.710801
1480 0.006668 0.270990 300.000000 7.731959
1490 0.003230 0.053243 5.000000 7.142857
1490 0.009968 0.062873 10.000000 7.142857
1490 0.000957 0.099165 50.000000 5.263158
1490 0.000301 0.053584 100.000000 6.944445
1490 0.000734 0.069155 150.000000 7.936508
1490 0.000628 0.106081 200.000000 8.547009
1490 0.000226 0.140008 250.000000 8.620689
1490 0.006648 0.319864 300.000000 7.731959
1500 0.021082 0.198761 5.000000 5.555555
1500 0.015104 0.191136 10.000000 6.250000
1500 0.001314 0.079246 50.000000 5.319149
1500 0.000808 0.052362 100.000000 7.042253
1500 0.001149 0.092663 150.000000 8.021390
1500 0.000938 0.132462 200.000000 8.620689
1500 0.000672 0.154429 250.000000 8.503402
1500 0.006878 0.394748 300.000000 7.792208
1510 0.009522 0.157028 5.000000 5.555555
1510 0.007938 0.187459 10.000000 4.545455
1510 0.003315 0.165257 50.000000 5.494505
1510 0.002091 0.179562 100.000000 7.246377
1510 0.001960 0.224182 150.000000 8.196721
1510 0.001470 0.258065 200.000000 8.733624
1510 0.001503 0.268963 250.000000 8.305648
1510 0.007302 0.532382 300.000000 7.874016
1520 0.014159 0.507765 5.000000 2.941176
1520 0.014303 0.308343 10.000000 2.631579
1520 0.003150 0.188550 50.000000 5.747127
1520 0.002210 0.200963 100.000000 7.462687
1520 0.001871 0.250946 150.000000 8.379889
1520 0.001443 0.282595 200.000000 8.849558
1520 0.004826 0.311869 250.000000 8.012820
1520 0.007355 0.588587 300.000000 7.978724
1530 0.015569 0.348977 5.000000 2.083333
1530 0.007848 0.216535 10.000000 2.777778
1530 0.002190 0.147312 50.000000 6.172840
1530 0.001861 0.158966 100.000000 7.874016
1530 0.001539 0.210470 150.000000 8.720930
1530 0.001325 0.242097 200.000000 9.090909
1530 0.006039 0.289983 250.000000 7.987220
1530 0.007248 0.582139 300.000000 8.108109
1540 0.013440 0.093503 5.000000 2.500000
1540 0.005790 0.086351 10.000000 3.448276
1540 0.001775 0.119080 50.000000 6.849315
1540 0.001724 0.137388 100.000000 8.403361
1540 0.001389 0.190273 150.000000 9.146341
1540 0.001276 0.221319 200.000000 9.433962
1540 0.006951 0.284981 250.000000 8.090615
1540 0.007207 0.571076 300.000000 8.310249
1550 0.008033 0.072929 5.000000 3.571429
1550 0.003740 0.061240 10.000000 4.545455
1550 0.001285 0.085746 50.000000 7.692307
1550 0.001404 0.105023 100.000000 9.009009
1550 0.001144 0.158043 150.000000 9.615385
1550 0.001219 0.190066 200.000000 9.756098
1550 0.007317 0.264978 250.000000 8.250825
1550 0.007130 0.557514 300.000000 8.498584
1560 0.007084 0.039901 5.000000 5.000000
1560 0.002975 0.040829 10.000000 5.882353
1560 0.001161 0.057789 50.000000 8.620689
1560 0.001207 0.081161 100.000000 9.615385
1560 0.001025 0.133929 150.000000 10.067114
1560 0.001277 0.167167 200.000000 10.050251
1560 0.007594 0.264886 250.000000 8.361204
1560 0.007052 0.556688 300.000000 8.670520
1570 0.003821 0.096716 5.000000 6.250000
1570 0.003112 0.104677 10.000000 7.142857
1570 0.000824 0.094408 50.000000 9.259259
1570 0.001374 0.125581 100.000000 10.000000
1570 0.000959 0.173172 150.000000 10.416667
1570 0.001401 0.207217 200.000000 10.256411
1570 0.008098 0.341854 250.000000 8.417508
1570 0.007090 0.616452 300.000000 8.797654
1580 0.004257 0.104064 5.000000 7.142857
1580 0.001801 0.087332 10.000000 8.333333
1580 0.000755 0.067673 50.000000 9.803922
1580 0.001240 0.111107 100.000000 10.416667
1580 0.000816 0.157325 150.000000 10.638298
1580 0.000869 0.193274 200.000000 10.256411
1580 0.008171 0.378755 250.000000 8.474576
1580 0.007049 0.647815 300.000000 8.875740
1590 0.002390 0.066803 5.000000 7.142857
1590 0.000795 0.054287 10.000000 9.090909
1590 0.000621 0.061772 50.000000 10.204082
1590 0.001196 0.121081 100.000000 10.638298
1590 0.000858 0.162770 150.000000 10.791367
1590 0.000793 0.186202 200.000000 10.050251
1590 0.008225 0.445943 250.000000 8.532423
1590 0.006977 0.701350 300.000000 8.928572
1600 0.002649 0.072230 5.000000 8.333333
1600 0.001239 0.074639 10.000000 9.090909
1600 0.001024 0.079841 50.000000 10.416667
1600 0.001349 0.148613 100.000000 10.752688
1600 0.000883 0.183566 150.000000 10.791367
1600 0.001341 0.187752 200.000000 9.433962
1600 0.008311 0.526225 250.000000 8.591065
1600 0.006942 0.777915 300.000000 8.928572
1610 0.005306 0.079315 5.000000 8.333333
1610 0.001875 0.073260 10.000000 9.090909
1610 0.001641 0.097456 50.000000 10.416667
1610 0.001212 0.166630 100.000000 10.752688
1610 0.001084 0.195426 150.000000 10.638298
1610 0.007441 0.252371 200.000000 8.510638
1610 0.008329 0.604557 250.000000 8.620689
1610 0.006949 0.838609 300.000000 8.955224
1620 0.002348 0.050335 5.000000 8.333333
1620 0.001742 0.052917 10.000000 9.090909
1620 0.001977 0.113455 50.000000 10.416667
1620 0.001171 0.171276 100.000000 10.869565
1620 0.001627 0.203951 150.000000 10.489511
1620 0.009801 0.344089 200.000000 8.196721
1620 0.008354 0.684579 250.000000 8.620689
1620 0.006938 0.900125 300.000000 8.955224
1630 0.002422 0.082502 5.000000 8.333333
1630 0.002483 0.089636 10.000000 9.090909
1630 0.002063 0.158882 50.000000 10.638298
1630 0.001108 0.202828 100.000000 10.869565
1630 0.000883 0.233431 150.000000 10.273973
1630 0.010047 0.463678 200.000000 8.130081
1630 0.008306 0.769660 250.000000 8.650519
1630 0.006837 0.979514 300.000000 8.928572
1640 0.003684 0.095799 5.000000 8.333333
1640 0.003234 0.112097 10.000000 9.090909
1640 0.001927 0.174851 50.000000 10.638298
1640 0.001128 0.199705 100.000000 10.869565
1640 0.001611 0.202189 150.000000 9.740260
1640 0.010089 0.546632 200.000000 8.163265
1640 0.008114 0.839882 250.000000 8.650519
1640 0.006811 1.032354 300.000000 8.928572
1650 0.002899 0.141502 5.000000 8.333333
1650 0.003063 0.152708 10.000000 9.090909
1650 0.001241 0.186363 50.000000 10.869565
1650 0.000630 0.199701 100.000000 10.752688
1650 0.004943 0.200844 150.000000 8.670520
1650 0.010105 0.632090 200.000000 8.196721
1650 0.008056 0.910357 250.000000 8.650519
1650 0.007310 1.096364 300.000000 8.875740
1660 0.002025 0.185523 5.000000 8.333333
1660 0.002329 0.192031 10.000000 9.090909
1660 0.000690 0.193604 50.000000 10.869565
1660 0.001042 0.200030 100.000000 10.526316
1660 0.011400 0.297472 150.000000 7.731959
1660 0.010067 0.727206 200.000000 8.196721
1660 0.008052 0.980089 250.000000 8.650519
1660 0.008089 1.150589 300.000000 8.849558
1670 0.000756 0.215193 5.000000 8.333333
1670 0.001079 0.191744 10.000000 10.000000
1670 0.000318 0.201464 50.000000 10.869565
1670 0.001434 0.217775 100.000000 10.204082
1670 0.012741 0.423199 150.000000 7.537688
1670 0.010065 0.814477 200.000000 8.230453
1670 0.007967 1.052339 250.000000 8.650519
1670 0.008802 1.205731 300.000000 8.823529
1680 0.003486 0.221997 5.000000 8.333333
1680 0.002045 0.201845 10.000000 10.000000
1680 0.000327 0.198811 50.000000 10.869565
1680 0.001517 0.211631 100.000000 9.708738
1680 0.012945 0.562001 150.000000 7.500000
1680 0.009944 0.916092 200.000000 8.230453
1680 0.007883 1.135369 250.000000 8.620689
1680 0.008960 1.257168 300.000000 8.823529
1690 0.001208 0.211570 5.000000 8.333333
1690 0.000138 0.194139 10.000000 10.000000
1690 0.000167 0.189387 50.000000 10.638298
1690 0.001581 0.163109 100.000000 8.620689
1690 0.013044 0.695698 150.000000 7.500000
1690 0.009842 1.019252 200.000000 8.196721
1690 0.008177 1.217295 250.000000 8.561644
1690 0.008758 1.306375 300.000000 8.823529
1700 0.001989 0.216067 5.000000 8.333333
1700 0.001326 0.196594 10.000000 10.000000
1700 0.000592 0.194185 50.000000 10.204082
1700 0.012512 0.255176 100.000000 7.042253
1700 0.013181 0.826677 150.000000 7.537688
1700 0.009893 1.122023 200.000000 8.196721
1700 0.009141 1.304310 250.000000 8.503402
1700 0.008671 1.369167 300.000000 8.797654
1710 0.002602 0.234041 5.000000 8.333333
1710 0.001907 0.226715 10.000000 9.090909
1710 0.002499 0.226027 50.000000 9.615385
1710 0.018666 0.465076 100.000000 6.493506
1710 0.013333 0.971853 150.000000 7.537688
1710 0.009962 1.233744 200.000000 8.163265
1710 0.010231 1.380511 250.000000 8.474576
1710 0.008748 1.429044 300.000000 8.771930
1720 0.003936 0.198447 5.000000 8.333333
1720 0.003865 0.202009 10.000000 9.090909
1720 0.001502 0.237158 50.000000 8.928572
1720 0.019320 0.669181 100.000000 6.410256
1720 0.013341 1.109659 150.000000 7.537688
1720 0.009877 1.339035 200.000000 8.130081
1720 0.010723 1.449664 250.000000 8.445946
1720 0.009037 1.480673 300.000000 8.695652
1730 0.003911 0.232714 5.000000 7.142857
1730 0.002413 0.215543 10.000000 8.333333
1730 0.006875 0.190475 50.000000 7.936508
1730 0.019269 0.857356 100.000000 6.451613
1730 0.012985 1.227105 150.000000 7.575758
1730 0.009769 1.429245 200.000000 8.130081
1730 0.010568 1.504882 250.000000 8.474576
1730 0.009813 1.520309 300.000000 8.379889
1740 0.003916 0.218527 5.000000 7.142857
1740 0.005109 0.208699 10.000000 8.333333
1740 0.009001 0.159600 50.000000 6.410256
1740 0.019754 1.029455 100.000000 6.535948
1740 0.013136 1.347927 150.000000 7.614213
1740 0.010568 1.520303 200.000000 8.130081
1740 0.010441 1.564524 250.000000 8.503402
1740 0.010280 1.515595 300.000000 8.021390
1750 0.010397 0.289963 5.000000 7.142857
1750 0.008863 0.320765 10.000000 7.692307
1750 0.028412 0.371300 50.000000 5.154639
1750 0.019434 1.190402 100.000000 6.622517
1750 0.012983 1.461141 150.000000 7.653061
1750 0.011497 1.601766 200.000000 8.130081
1750 0.010307 1.621905 250.000000 8.532423
1750 0.010165 1.486627 300.000000 7.978724
1760 0.005886 0.313965 5.000000 7.142857
1760 0.009599 0.286223 10.000000 7.142857
1760 0.034918 0.632607 50.000000 4.854369
1760 0.018935 1.323443 100.000000 6.711410
1760 0.012584 1.540254 150.000000 7.731959
1760 0.012335 1.659247 200.000000 8.163265
1760 0.010133 1.665057 250.000000 8.591065
1760 0.010084 1.449087 300.000000 7.978724
1770 0.024534 0.151919 5.000000 6.250000
1770 0.029398 0.151528 10.000000 6.250000
1770 0.036076 0.905914 50.000000 4.901961
1770 0.018955 1.462760 100.000000 6.849315
1770 0.012441 1.639215 150.000000 7.812500
1770 0.012810 1.721291 200.000000 8.230453
1770 0.010298 1.711730 250.000000 8.620689
1770 0.009900 1.415702 300.000000 8.042895
1780 0.037318 0.163158 5.000000 5.000000
1780 0.021367 0.229830 10.000000 5.000000
1780 0.039383 1.270062 50.000000 5.050505
1780 0.020153 1.631358 100.000000 7.042253
1780 0.013331 1.760831 150.000000 7.936508
1780 0.013367 1.786057 200.000000 8.368201
1780 0.010979 1.751349 250.000000 8.591065
1780 0.009737 1.364082 300.000000 8.108109
1790 0.009515 0.202168 5.000000 4.166667
1790 0.063475 0.201114 10.000000 3.846154
1790 0.043292 1.580744 50.000000 5.319149
1790 0.021823 1.797296 100.000000 7.246377
1790 0.014531 1.863680 150.000000 8.108109
1790 0.013941 1.830904 200.000000 8.547009
1790 0.011941 1.763423 250.000000 8.474576
1790 0.009577 1.307440 300.000000 8.219178
1800 0.125605 0.473313 5.000000 3.125000
1800 0.121019 0.882882 10.000000 3.125000
1800 0.043496 1.787196 50.000000 5.681818
1800 0.021836 1.893126 100.000000 7.575758
1800 0.014907 1.934730 150.000000 8.333333
1800 0.013884 1.874544 200.000000 8.733624
1800 0.012248 1.769071 250.000000 8.305648
1800 0.009713 1.286616 300.000000 8.356546
1810 0.153921 1.011732 5.000000 2.777778
1810 0.124463 1.293080 10.000000 2.941176
1810 0.037548 1.856466 50.000000 6.172840
1810 0.018830 1.945566 100.000000 7.936508
1810 0.013238 1.963942 150.000000 8.620689
1810 0.012720 1.915011 200.000000 9.009009
1810 0.012278 1.811123 250.000000 8.333333
1810 0.010138 1.352081 300.000000 8.522727
1820 0.102224 1.158608 5.000000 2.777778
1820 0.105302 1.397266 10.000000 3.225806
1820 0.028614 1.842104 50.000000 6.756757
1820 0.014235 1.882763 100.000000 8.474576
1820 0.010693 1.912383 150.000000 8.982036
1820 0.010773 1.906320 200.000000 9.302325
1820 0.012212 1.818277 250.000000 8.445946
1820 0.010296 1.414492 300.000000 8.720930
1830 0.102426 1.304435 5.000000 3.125000
1830 0.084967 1.577124 10.000000 3.703704
1830 0.022450 1.784487 50.000000 7.575758
1830 0.011189 1.834280 100.000000 9.009009
1830 0.009158 1.851579 150.000000 9.375000
1830 0.009416 1.870124 200.000000 9.615385
1830 0.012260 1.781149 250.000000 8.620689
1830 0.010208 1.418617 300.000000 8.902077
1840 0.097731 1.516328 5.000000 3.846154
1840 0.064603 1.584961 10.000000 4.761905
1840 0.016750 1.752078 50.000000 8.474576
1840 0.008410 1.771851 100.000000 9.615385
1840 0.008065 1.791122 150.000000 9.740260
1840 0.008124 1.814664 200.000000 9.950249
1840 0.012223 1.719354 250.000000 8.802817
1840 0.009980 1.398172 300.000000 9.118541
1850 0.037720 1.571108 5.000000 5.000000
1850 0.030220 1.660306 10.000000 5.882353
1850 0.008346 1.635994 50.000000 9.433962
1850 0.004209 1.626978 100.000000 10.204082
1850 0.006092 1.639444 150.000000 10.135135
1850 0.006138 1.670523 200.000000 10.309278
1850 0.011721 1.579763 250.000000 8.960573
1850 0.009386 1.322375 300.000000 9.287926
1860 0.019264 1.703120 5.000000 6.250000
1860 0.011361 1.571175 10.000000 7.692307
1860 0.004333 1.545311 50.000000 10.416667
1860 0.002154 1.526190 100.000000 10.752688
1860 0.006071 1.552887 150.000000 10.416667
1860 0.005148 1.589845 200.000000 10.526316
1860 0.011254 1.467280 250.000000 9.090909
1860 0.009012 1.252199 300.000000 9.433962
1870 0.002895 1.491233 5.000000 8.333333
1870 0.003057 1.580912 10.000000 9.090909
1870 0.002366 1.479829 50.000000 11.111111
1870 0.000863 1.486431 100.000000 10.869565
1870 0.006645 1.506862 150.000000 10.563380
1870 0.004974 1.545782 200.000000 10.582010
1870 0.010899 1.377365 250.000000 9.157509
1870 0.008822 1.196368 300.000000 9.523809
1880 0.003925 1.702175 5.000000 8.333333
1880 0.003525 1.532364 10.000000 10.000000
1880 0.001211 1.474162 50.000000 11.111111
1880 0.000408 1.459991 100.000000 10.869565
1880 0.006687 1.506237 150.000000 10.563380
1880 0.006106 1.542627 200.000000 10.152285
1880 0.010719 1.311816 250.000000 9.191176
1880 0.008637 1.157656 300.000000 9.554140
1890 0.003617 1.688972 5.000000 8.333333
1890 0.002115 1.514906 10.000000 10.000000
1890 0.000305 1.459754 50.000000 10.869565
1890 0.001380 1.442707 100.000000 10.638298
1890 0.005890 1.497594 150.000000 10.563380
1890 0.011433 1.511074 200.000000 9.049774
1890 0.010385 1.249699 250.000000 9.191176
1890 0.008237 1.124462 300.000000 9.523809
1900 0.002620 1.650458 5.000000 8.333333
1900 0.001906 1.477781 10.000000 10.000000
1900 0.000261 1.452780 50.000000 10.638298
1900 0.004484 1.440875 100.000000 10.416667
1900 0.005561 1.507213 150.000000 10.489511
1900 0.013577 1.438489 200.000000 8.810573
1900 0.010314 1.201867 250.000000 9.191176
1900 0.007957 1.100845 300.000000 9.523809
1910 0.000724 1.610890 5.000000 8.333333
1910 0.001776 1.442132 10.000000 10.000000
1910 0.000340 1.445693 50.000000 10.416667
1910 0.008095 1.459944 100.000000 10.204082
1910 0.005659 1.523745 150.000000 10.344828
1910 0.013434 1.357180 200.000000 8.733624
1910 0.010271 1.159915 250.000000 9.225092
1910 0.007719 1.086401 300.000000 9.523809
1920 0.001901 1.560524 5.000000 8.333333
1920 0.001614 1.548817 10.000000 9.090909
1920 0.000358 1.425193 50.000000 10.416667
1920 0.009420 1.484883 100.000000 10.204082
1920 0.006817 1.548031 150.000000 10.000000
1920 0.013220 1.301184 200.000000 8.733624
1920 0.010297 1.135705 250.000000 9.225092
1920 0.007726 1.085530 300.000000 9.523809
1930 0.002478 1.541052 5.000000 8.333333
1930 0.001729 1.544422 10.000000 9.090909
1930 0.001253 1.432894 50.000000 10.204082
1930 0.009246 1.524598 100.000000 10.204082
1930 0.012592 1.561960 150.000000 8.875740
1930 0.013012 1.255315 200.000000 8.771930
1930 0.009936 1.115473 250.000000 9.259259
1930 0.007720 1.089824 300.000000 9.523809
1940 0.002611 1.548562 5.000000 8.333333
1940 0.002153 1.541589 10.000000 9.090909
1940 0.006043 1.463524 50.000000 9.803922
1940 0.008393 1.550121 100.000000 10.204082
1940 0.017054 1.509050 150.000000 8.333333
1940 0.012908 1.210729 200.000000 8.810573
1940 0.009742 1.102078 250.000000 9.259259
1940 0.007620 1.093359 300.000000 9.523809
1950 0.000879 1.484958 5.000000 8.333333
1950 0.001977 1.473771 10.000000 9.090909
1950 0.012697 1.486026 50.000000 9.615385
1950 0.008196 1.567225 100.000000 10.204082
1950 0.017974 1.420664 150.000000 8.196721
1950 0.012836 1.172862 200.000000 8.849558
1950 0.009386 1.095055 250.000000 9.259259
1950 0.007431 1.097843 300.000000 9.523809
1960 0.003161 1.444829 5.000000 8.333333
1960 0.002495 1.435755 10.000000 9.090909
1960 0.018173 1.539775 50.000000 9.615385
1960 0.009061 1.606454 100.000000 10.101010
1960 0.017766 1.354106 150.000000 8.196721
1960 0.012909 1.151992 200.000000 8.888889
1960 0.009259 1.097457 250.000000 9.293680
1960 0.007443 1.110960 300.000000 9.493670
1970 0.007325 1.684567 5.000000 7.142857
1970 0.011603 1.552270 10.000000 8.333333
1970 0.019357 1.603297 50.000000 9.803922
1970 0.011586 1.656884 100.000000 9.433962
1970 0.017685 1.301386 150.000000 8.287292
1970 0.012862 1.134638 200.000000 8.968610
1970 0.009311 1.107222 250.000000 9.328359
1970 0.007490 1.123021 300.000000 9.463722
1980 0.022890 1.674211 5.000000 7.142857
1980 0.025320 1.554763 10.000000 8.333333
1980 0.016165 1.627508 50.000000 10.000000
1980 0.020151 1.616502 100.000000 8.000000
1980 0.016840 1.240606 150.000000 8.333333
1980 0.012033 1.118018 200.000000 9.009009
1980 0.008951 1.114194 250.000000 9.363296
1980 0.007207 1.135701 300.000000 9.287926
1990 0.036445 1.660752 5.000000 7.142857
1990 0.035563 1.565125 10.000000 8.333333
1990 0.010800 1.558540 50.000000 10.204082
1990 0.023775 1.450793 100.000000 7.633588
1990 0.015788 1.157004 150.000000 8.426967
1990 0.011048 1.088569 200.000000 9.049774
1990 0.008157 1.102594 250.000000 9.398497
1990 0.008134 1.120175 300.000000 7.109005
2000 0.032718 1.324829 5.000000 8.333333
2000 0.028165 1.356977 10.000000 9.090909
2000 0.004444 1.357910 50.000000 10.416667
2000 0.022840 1.197091 100.000000 7.518797
2000 0.014134 1.026268 150.000000 8.522727
2000 0.009395 1.000769 200.000000 9.132421
2000 0.006894 1.029436 250.000000 9.433962
2000 0.009848 1.018986 300.000000 6.976744
2010 0.009159 1.227677 5.000000 8.333333
2010 0.005388 1.250056 10.000000 9.090909
2010 0.000588 1.139377 50.000000 10.204082
2010 0.020253 0.957497 100.000000 7.575758
2010 0.012586 0.882722 150.000000 8.620689
2010 0.007822 0.896460 200.000000 9.132421
2010 0.005816 0.921369 250.000000 9.433962
2010 0.009802 0.874115 300.000000 6.944445
2020 0.004641 1.234483 5.000000 8.333333
2020 0.006270 1.104194 10.000000 10.000000
2020 0.003866 1.078436 50.000000 8.928572
2020 0.019176 0.880419 100.000000 7.575758
2020 0.012007 0.848566 150.000000 8.620689
2020 0.007491 0.869757 200.000000 9.174312
2020 0.005563 0.900504 250.000000 9.328359
2020 0.009716 0.808819 300.000000 6.944445
2030 0.007284 1.250405 5.000000 8.333333
2030 0.004453 1.236657 10.000000 9.090909
2030 0.029203 1.120125 50.000000 6.329114
2030 0.019032 0.888065 100.000000 7.633588
2030 0.011734 0.884430 150.000000 8.620689
2030 0.007726 0.918153 200.000000 9.132421
2030 0.005738 0.944000 250.000000 9.025270
2030 0.009830 0.802959 300.000000 6.944445
2040 0.001391 1.225605 5.000000 8.333333
2040 0.001273 1.206085 10.000000 9.090909
2040 0.041296 1.058916 50.000000 5.882353
2040 0.019423 0.903977 100.000000 7.692307
2040 0.011668 0.915351 150.000000 8.670520
2040 0.007735 0.956278 200.000000 9.132421
2040 0.009510 0.969688 250.000000 6.596306
2040 0.010037 0.796621 300.000000 6.944445
2050 0.009775 1.282520 5.000000 7.142857
2050 0.010342 1.174234 10.000000 7.692307
2050 0.042157 0.971585 50.000000 5.813953
2050 0.019390 0.922767 100.000000 7.751938
2050 0.011038 0.946799 150.000000 8.670520
2050 0.007637 0.979278 200.000000 9.132421
2050 0.011859 0.952115 250.000000 6.493506
2050 0.009992 0.782377 300.000000 6.960557
2060 0.016075 1.133678 5.000000 5.555555
2060 0.031298 1.125804 10.000000 5.263158
2060 0.039960 0.908649 50.000000 5.952381
2060 0.018767 0.906761 100.000000 7.936508
2060 0.010310 0.930377 150.000000 8.823529
2060 0.007162 0.961362 200.000000 9.174312
2060 0.011781 0.895171 250.000000 6.510417
2060 0.009889 0.746634 300.000000 6.993007
2070 0.060467 1.040913 5.000000 4.166667
2070 0.092130 1.055314 10.000000 3.448276
2070 0.037369 0.878157 50.000000 6.250000
2070 0.017580 0.877518 100.000000 8.196721
2070 0.009545 0.894234 150.000000 9.036144
2070 0.006651 0.914623 200.000000 9.302325
2070 0.011597 0.827284 250.000000 6.578948
2070 0.009736 0.698535 300.000000 7.058824
2080 0.123759 0.870973 5.000000 2.777778
2080 0.113838 0.877470 10.000000 3.225806
2080 0.031939 0.740958 50.000000 6.756757
2080 0.014537 0.736314 100.000000 8.620689
2080 0.007808 0.745976 150.000000 9.375000
2080 0.005325 0.758317 200.000000 9.478673
2080 0.011074 0.675005 250.000000 6.684492
2080 0.009282 0.577577 300.000000 7.142857
2090 0.130947 0.604358 5.000000 2.941176
2090 0.098023 0.560726 10.000000 3.846154
2090 0.025015 0.483042 50.000000 7.575758
2090 0.010992 0.481091 100.000000 9.259259
2090 0.005496 0.489684 150.000000 9.803922
2090 0.003663 0.492479 200.000000 9.756098
2090 0.010163 0.435435 250.000000 6.811989
2090 0.008504 0.376324 300.000000 7.263923
2100 0.092807 0.162041 5.000000 3.846154
2100 0.076097 0.144776 10.000000 5.000000
2100 0.016478 0.128274 50.000000 8.474576
2100 0.006653 0.125723 100.000000 9.900990
2100 0.002784 0.127016 150.000000 10.273973
2100 0.001581 0.125473 200.000000 9.950249
2100 0.008926 0.106696 250.000000 6.963789
2100 0.007458 0.091709 300.000000 7.389163
2110 0.062937 0.264400 5.000000 5.555555
2110 0.056589 0.273069 10.000000 6.250000
2110 0.008363 0.253016 50.000000 9.615385
2110 0.002468 0.256226 100.000000 10.526316
2110 0.000325 0.258602 150.000000 10.714286
2110 0.000648 0.261384 200.000000 9.950249
2110 0.007653 0.236470 250.000000 7.082153
2110 0.006291 0.214907 300.000000 7.500000
2120 0.039888 0.737849 5.000000 6.250000
2120 0.021653 0.659888 10.000000 7.692307
2120 0.000461 0.642427 50.000000 10.416667
2120 0.001933 0.642405 100.000000 10.989011
2120 0.002835 0.644471 150.000000 11.029411
2120 0.000622 0.646403 200.000000 6.849315
2120 0.006330 0.567957 250.000000 7.163324
2120 0.005154 0.514455 300.000000 7.575758
2130 0.002741 0.987417 5.000000 7.142857
2130 0.002910 0.846830 10.000000 9.090909
2130 0.004271 0.842439 50.000000 11.111111
2130 0.004714 0.847606 100.000000 11.235955
2130 0.004476 0.840902 150.000000 11.194030
2130 0.004986 0.831880 200.000000 6.688963
2130 0.005496 0.726938 250.000000 7.204611
2130 0.004533 0.668464 300.000000 7.594937
2140 0.007668 0.913788 5.000000 8.333333
2140 0.006909 0.838737 10.000000 10.000000
2140 0.003777 0.831323 50.000000 11.363636
2140 0.005297 0.826189 100.000000 11.363636
2140 0.004476 0.818848 150.000000 11.194030
2140 0.006818 0.783394 200.000000 6.644518
2140 0.005587 0.688710 250.000000 7.225433
2140 0.004614 0.638765 300.000000 7.614213
2150 0.011419 0.893153 5.000000 8.333333
2150 0.009634 0.806135 10.000000 10.000000
2150 0.002772 0.762412 50.000000 11.363636
2150 0.004877 0.755156 100.000000 11.363636
2150 0.004084 0.752641 150.000000 10.948905
2150 0.007247 0.690917 200.000000 6.622517
2150 0.005900 0.609198 250.000000 7.204611
2150 0.004910 0.568021 300.000000 7.614213
2160 0.003271 0.777822 5.000000 8.333333
2160 0.001728 0.699720 10.000000 10.000000
2160 0.003203 0.660369 50.000000 11.363636
2160 0.004177 0.663547 100.000000 11.235955
2160 0.003614 0.664316 150.000000 10.135135
2160 0.007787 0.578996 200.000000 6.622517
2160 0.006135 0.513941 250.000000 7.163324
2160 0.005228 0.482092 300.000000 7.594937
2170 0.002101 0.774422 5.000000 8.333333
2170 0.001652 0.699803 10.000000 10.000000
2170 0.004573 0.662889 50.000000 11.111111
2170 0.004529 0.657641 100.000000 11.111111
2170 0.005239 0.655215 150.000000 5.952381
2170 0.007905 0.549170 200.000000 6.600660
2170 0.006123 0.496089 250.000000 7.122507
2170 0.005177 0.470113 300.000000 7.575758
2180 0.002142 0.750080 5.000000 8.333333
2180 0.001212 0.669447 10.000000 10.000000
2180 0.006400 0.644905 50.000000 11.111111
2180 0.004738 0.651833 100.000000 10.869565
2180 0.010274 0.615684 150.000000 5.791506
2180 0.007953 0.514897 200.000000 6.578948
2180 0.006276 0.471102 250.000000 7.102273
2180 0.005233 0.450699 300.000000 7.537688
2190 0.013902 0.722977 5.000000 8.333333
2190 0.011897 0.656484 10.000000 10.000000
2190 0.007273 0.656133 50.000000 10.869565
2190 0.004884 0.655384 100.000000 10.526316
2190 0.010389 0.580374 150.000000 5.769231
2190 0.007938 0.494194 200.000000 6.557377
2190 0.006336 0.458872 250.000000 7.102273
2190 0.005267 0.443396 300.000000 7.518797
2200 0.007053 0.589874 5.000000 8.333333
2200 0.005160 0.531897 10.000000 10.000000
2200 0.005220 0.529630 50.000000 10.869565
2200 0.003761 0.529807 100.000000 9.900990
2200 0.011186 0.447070 150.000000 5.769231
2200 0.008379 0.388583 200.000000 6.535948
2200 0.006795 0.367313 250.000000 7.102273
2200 0.005559 0.359100 300.000000 7.518797
2210 0.011826 0.532386 5.000000 8.333333
2210 0.008573 0.481923 10.000000 10.000000
2210 0.004862 0.484367 50.000000 10.638298
2210 0.004190 0.480154 100.000000 4.901961
2210 0.011604 0.378848 150.000000 5.769231
2210 0.008485 0.334708 200.000000 6.514658
2210 0.006909 0.319787 250.000000 7.082153
2210 0.005710 0.314045 300.000000 7.518797
2220 0.010215 0.433915 5.000000 8.333333
2220 0.007096 0.390371 10.000000 10.000000
2220 0.003819 0.393053 50.000000 10.416667
2220 0.016318 0.370528 100.000000 4.694836
2220 0.012044 0.293749 150.000000 5.769231
2220 0.008989 0.269789 200.000000 6.493506
2220 0.007111 0.262641 250.000000 7.062147
2220 0.005938 0.261112 300.000000 7.481297
2230 0.003517 0.341536 5.000000 8.333333
2230 0.003124 0.342692 10.000000 9.090909
2230 0.002747 0.318586 50.000000 10.204082
2230 0.018557 0.273858 100.000000 4.651163
2230 0.012593 0.224830 150.000000 5.769231
2230 0.009413 0.212888 200.000000 6.493506
2230 0.007574 0.209660 250.000000 7.062147
2230 0.006222 0.211491 300.000000 7.444169
2240 0.002133 0.309892 5.000000 8.333333
2240 0.002814 0.309064 10.000000 9.090909
2240 0.002239 0.294261 50.000000 9.433962
2240 0.019079 0.229210 100.000000 4.651163
2240 0.012784 0.193956 150.000000 5.747127
2240 0.009602 0.186956 200.000000 6.514658
2240 0.007665 0.186943 250.000000 7.062147
2240 0.006441 0.189284 300.000000 7.425743
2250 0.003987 0.285934 5.000000 8.333333
2250 0.004565 0.286694 10.000000 9.090909
2250 0.000875 0.275145 50.000000 7.462687
2250 0.019432 0.193331 100.000000 4.651163
2250 0.012805 0.172234 150.000000 5.725191
2250 0.009757 0.169879 200.000000 6.514658
2250 0.007702 0.172604 250.000000 7.062147
2250 0.006484 0.175179 300.000000 7.425743
2260 0.003588 0.237517 5.000000 8.333333
2260 0.002840 0.235639 10.000000 9.090909
2260 0.028103 0.227343 50.000000 3.030303
2260 0.019814 0.154818 100.000000 4.672897
2260 0.012913 0.146777 150.000000 5.725191
2260 0.009786 0.146917 200.000000 6.514658
2260 0.007770 0.149681 250.000000 7.062147
2260 0.006556 0.151910 300.000000 7.444169
2270 0.002394 0.239203 5.000000 7.142857
2270 0.002668 0.208306 10.000000 8.333333
2270 0.038965 0.170056 50.000000 2.976191
2270 0.020049 0.134143 100.000000 4.672897
2270 0.013216 0.132513 150.000000 5.747127
2270 0.009924 0.136155 200.000000 6.493506
2270 0.007868 0.138188 250.000000 7.042253
2270 0.006600 0.140140 300.000000 7.462687
2280 0.002126 0.190810 5.000000 7.142857
2280 0.000349 0.204036 10.000000 6.666667
2280 0.039837 0.131948 50.000000 2.994012
2280 0.020259 0.118924 100.000000 4.716981
2280 0.013490 0.122405 150.000000 5.769231
2280 0.010114 0.124735 200.000000 6.535948
2280 0.008063 0.127267 250.000000 7.042253
2280 0.006719 0.127920 300.000000 7.481297
2290 0.001943 0.185240 5.000000 5.555555
2290 0.003470 0.192706 10.000000 4.761905
2290 0.040298 0.119172 50.000000 3.048780
2290 0.020301 0.117133 100.000000 4.761905
2290 0.013545 0.120749 150.000000 5.836576
2290 0.010140 0.123364 200.000000 6.578948
2290 0.008163 0.124071 250.000000 7.082153
2290 0.006740 0.124246 300.000000 7.518797
2300 0.006007 0.202562 5.000000 3.333333
2300 0.056773 0.194732 10.000000 0.900901
2300 0.040600 0.120202 50.000000 3.125000
2300 0.020291 0.122593 100.000000 4.854369
2300 0.013682 0.125259 150.000000 5.952381
2300 0.010109 0.127988 200.000000 6.688963
2300 0.008146 0.128213 250.000000 7.163324
2300 0.006639 0.127963 300.000000 7.575758
2310 0.086592 0.194604 5.000000 0.510204
2310 0.122985 0.171235 10.000000 0.900901
2310 0.040785 0.115797 50.000000 3.267974
2310 0.020135 0.119693 100.000000 5.000000
2310 0.013677 0.121398 150.000000 6.097561
2310 0.010130 0.123537 200.000000 6.825939
2310 0.008201 0.123604 250.000000 7.288630
2310 0.006620 0.122905 300.000000 7.692307
2320 0.145647 0.341214 5.000000 0.520833
2320 0.138178 0.301102 10.000000 0.943396
2320 0.037943 0.223238 50.000000 3.424658
2320 0.018766 0.223985 100.000000 5.181347
2320 0.012691 0.224728 150.000000 6.302521
2320 0.009393 0.227360 200.000000 7.017544
2320 0.007580 0.227894 250.000000 7.462687
2320 0.006101 0.227792 300.000000 7.832898
2330 0.163452 0.396272 5.000000 0.568182
2330 0.139088 0.337297 10.000000 1.030928
2330 0.037031 0.263216 50.000000 3.649635
2330 0.018301 0.263735 100.000000 5.434783
2330 0.012384 0.264734 150.000000 6.550218
2330 0.009173 0.267530 200.000000 7.246377
2330 0.007409 0.268506 250.000000 7.668712
2330 0.005934 0.268267 300.000000 8.021390
2340 0.163328 0.389432 5.000000 0.641026
2340 0.139057 0.333246 10.000000 1.149425
2340 0.037032 0.261371 50.000000 3.937008
2340 0.018301 0.262239 100.000000 5.747127
2340 0.012384 0.263334 150.000000 6.849315
2340 0.009173 0.266171 200.000000 7.518797
2340 0.007409 0.267157 250.000000 7.911392
2340 0.005934 0.266930 300.000000 8.241758
2350 0.163177 0.385050 5.000000 0.735294
2350 0.138988 0.330824 10.000000 1.298701
2350 0.037021 0.260790 50.000000 4.273504
2350 0.018295 0.261950 100.000000 6.097561
2350 0.012380 0.263142 150.000000 7.177033
2350 0.009170 0.266026 200.000000 7.812500
2350 0.007406 0.267039 250.000000 8.169934
2350 0.005932 0.266831 300.000000 8.474576
2360 0.163103 0.378971 5.000000 0.862069
2360 0.138942 0.327969 10.000000 1.492537
2360 0.037009 0.260503 50.000000 4.672897
2360 0.018290 0.261879 100.000000 6.493506
2360 0.012376 0.263139 150.000000 7.537688
2360 0.009167 0.266057 200.000000 8.130081
2360 0.007404 0.267096 250.000000 8.445946
2360 0.005930 0.266906 300.000000 8.720930
2370 0.163110 0.374209 5.000000 1.041667
2370 0.138945 0.325363 10.000000 1.754386
2370 0.037010 0.259818 50.000000 5.154639
2370 0.018290 0.261420 100.000000 6.944445
2370 0.012377 0.262749 150.000000 7.936508
2370 0.009167 0.265700 200.000000 8.474576
2370 0.007404 0.266757 250.000000 8.741259
2370 0.005930 0.266581 300.000000 8.982036
2380 0.163190 0.377178 5.000000 1.315789
2380 0.138985 0.326285 10.000000 2.127660
2380 0.037018 0.259248 50.000000 5.747127
2380 0.018294 0.260791 100.000000 7.462687
2380 0.012379 0.262115 150.000000 8.379889
2380 0.009169 0.265062 200.000000 8.849558
2380 0.007406 0.266118 250.000000 9.057971
2380 0.005932 0.265943 300.000000 9.259259
2390 0.163139 0.377969 5.000000 1.785714
2390 0.138950 0.325888 10.000000 2.702703
2390 0.037009 0.259287 50.000000 6.493506
2390 0.018290 0.261167 100.000000 8.064516
2390 0.012376 0.262625 150.000000 8.875740
2390 0.009167 0.265647 200.000000 9.259259
2390 0.007404 0.266754 250.000000 9.398497
2390 0.005930 0.266610 300.000000 9.554140
2400 0.171070 0.411311 5.000000 2.631579
2400 0.141332 0.362932 10.000000 3.571429
2400 0.036413 0.280714 50.000000 7.462687
2400 0.017992 0.282057 100.000000 8.771930
2400 0.012178 0.283451 150.000000 9.433962
2400 0.009018 0.286546 200.000000 9.708738
2400 0.007285 0.287834 250.000000 9.765625
2400 0.005831 0.287772 300.000000 9.868421
2410 0.158727 0.697483 5.000000 3.846154
2410 0.119219 0.595575 10.000000 5.000000
2410 0.030348 0.510589 50.000000 8.474576
2410 0.014817 0.503819 100.000000 9.433962
2410 0.010100 0.503301 150.000000 9.933775
2410 0.007474 0.506169 200.000000 10.101010
2410 0.006053 0.508304 250.000000 10.080646
2410 0.004773 0.509068 300.000000 10.101010
2420 0.097176 1.090230 5.000000 5.555555
2420 0.077610 1.068057 10.000000 6.250000
2420 0.017836 0.943892 50.000000 9.433962
2420 0.008394 0.920361 100.000000 10.000000
2420 0.005758 0.922963 150.000000 10.273973
2420 0.004236 0.923778 200.000000 10.362695
2420 0.003490 0.924851 250.000000 10.330579
2420 0.002539 0.924430 300.000000 10.309278
2430 0.050385 1.501954 5.000000 6.250000
2430 0.029463 1.350495 10.000000 7.692307
2430 0.006257 1.253378 50.000000 10.416667
2430 0.002940 1.254538 100.000000 10.416667
2430 0.001931 1.255801 150.000000 10.563380
2430 0.001406 1.255579 200.000000 10.582010
2430 0.001202 1.258645 250.000000 10.548523
2430 0.000571 1.262676 300.000000 10.452962
2440 0.001750 1.477409 5.000000 8.333333
2440 0.002390 1.548313 10.000000 9.090909
2440 0.000813 1.434968 50.000000 10.638298
2440 0.000312 1.411958 100.000000 10.638298
2440 0.000449 1.416443 150.000000 10.638298
2440 0.000213 1.413681 200.000000 10.582010
2440 0.000193 1.413812 250.000000 10.638298
2440 0.000517 1.420426 300.000000 10.526316
2450 0.003212 1.625449 5.000000 8.333333
2450 0.002022 1.456261 10.000000 10.000000
2450 0.000576 1.418378 50.000000 10.638298
2450 0.000318 1.416049 100.000000 10.638298
2450 0.000148 1.411855 150.000000 10.638298
2450 0.000202 1.408340 200.000000 10.526316
2450 0.000115 1.409982 250.000000 10.593221
2450 0.000585 1.419023 300.000000 10.563380
2460 0.002637 1.581157 5.000000 8.333333
2460 0.002198 1.421499 10.000000 10.000000
2460 0.000495 1.417725 50.000000 10.416667
2460 0.000260 1.418756 100.000000 10.638298
2460 0.000199 1.417805 150.000000 10.638298
2460 0.000190 1.418841 200.000000 10.471204
2460 0.000188 1.416093 250.000000 10.504202
2460 0.000596 1.426781 300.000000 10.600707
2470 0.005162 1.532394 5.000000 8.333333
2470 0.001526 1.534386 10.000000 9.090909
2470 0.001098 1.415502 50.000000 10.204082
2470 0.000215 1.407044 100.000000 10.638298
2470 0.000238 1.411807 150.000000 10.638298
2470 0.000101 1.412822 200.000000 10.526316
2470 0.000484 1.419914 250.000000 10.416667
2470 0.000534 1.429539 300.000000 10.600707
2480 0.001087 1.509120 5.000000 8.333333
2480 0.000962 1.504516 10.000000 9.090909
2480 0.000712 1.411793 50.000000 10.204082
2480 0.000261 1.410217 100.000000 10.526316
2480 0.000307 1.416236 150.000000 10.489511
2480 0.000108 1.416558 200.000000 10.526316
2480 0.000681 1.421867 250.000000 10.416667
2490 0.000756 1.482081 5.000000 8.333333
2490 0.001022 1.463075 10.000000 9.090909
2490 0.000437 1.437625 50.000000 10.204082
2490 0.000233 1.412120 100.000000 10.526316
2490 0.000216 1.416703 150.000000 10.416667
2490 0.000149 1.419615 200.000000 10.526316
2490 0.000788 1.426493 250.000000 10.460251
2500 0.002743 1.427290 5.000000 8.333333
2500 0.003080 1.435353 10.000000 9.090909
2500 0.000303 1.428707 50.000000 10.416667
2500 0.000220 1.417585 100.000000 10.526316
2500 0.000126 1.418533 150.000000 10.344828
2500 0.000099 1.414696 200.000000 10.471204
2500 0.000736 1.428134 250.000000 10.504202
2510 0.006551 1.672072 5.000000 7.142857
2510 0.000947 1.413573 10.000000 9.090909
2510 0.000700 1.401182 50.000000 10.638298
2510 0.000089 1.398895 100.000000 10.638298
2510 0.000251 1.400964 150.000000 10.416667
2510 0.000193 1.399365 200.000000 10.416667
2510 0.000565 1.410333 250.000000 10.593221
2520 0.004781 1.505533 5.000000 8.333333
2520 0.002943 1.517816 10.000000 9.090909
2520 0.000492 1.400815 50.000000 10.638298
2520 0.000086 1.397670 100.000000 10.638298
2520 0.000223 1.400863 150.000000 10.489511
2520 0.000412 1.397916 200.000000 10.416667
2520 0.000446 1.409765 250.000000 10.638298
2530 0.002640 1.610912 5.000000 8.333333
2530 0.002776 1.452901 10.000000 10.000000
2530 0.000573 1.424511 50.000000 10.416667
2530 0.000270 1.404354 100.000000 10.526316
2530 0.000157 1.409231 150.000000 10.563380
2530 0.000778 1.416392 200.000000 10.416667
2540 0.000851 1.596890 5.000000 8.333333
2540 0.001651 1.430170 10.000000 10.000000
2540 0.000263 1.406084 50.000000 10.416667
2540 0.000306 1.420777 100.000000 10.204082
2540 0.000148 1.411495 150.000000 10.489511
2540 0.000946 1.426214 200.000000 10.416667
2550 0.001730 1.519655 5.000000 8.333333
2550 0.001875 1.495647 10.000000 9.090909
2550 0.000641 1.405727 50.000000 10.416667
2550 0.000213 1.425710 100.000000 10.101010
2550 0.000432 1.411530 150.000000 10.344828
2550 0.000961 1.429446 200.000000 10.471204
2560 0.003850 1.427060 5.000000 8.333333
2560 0.003410 1.422065 10.000000 9.090909
2560 0.000431 1.410324 50.000000 10.416667
2560 0.000118 1.417734 100.000000 10.204082
2560 0.000555 1.416565 150.000000 10.204082
2560 0.000794 1.426200 200.000000 10.526316
2570 0.002467 1.440418 5.000000 8.333333
2570 0.005557 1.464193 10.000000 9.090909
2570 0.000468 1.430262 50.000000 10.204082
2570 0.000396 1.424899 100.000000 10.309278
2570 0.000774 1.416625 150.000000 10.273973
2570 0.000652 1.431446 200.000000 10.582010
2580 0.005958 1.487662 5.000000 8.333333
2580 0.003219 1.513976 10.000000 9.090909
2580 0.001461 1.417619 50.000000 10.000000
2580 0.000240 1.410283 100.000000 10.416667
2580 0.001263 1.410637 150.000000 10.344828
2590 0.002619 1.577662 5.000000 8.333333
2590 0.001362 1.422333 10.000000 10.000000
2590 0.000617 1.425419 50.000000 9.803922
2590 0.000182 1.419128 100.000000 10.309278
2590 0.001188 1.437633 150.000000 10.344828
2600 0.002259 1.536466 5.000000 8.333333
2600 0.000709 1.498709 10.000000 9.090909
2600 0.000675 1.437232 50.000000 9.615385
2600 0.000344 1.410091 100.000000 10.101010
2600 0.001017 1.430799 150.000000 10.416667
2610 0.001703 1.613143 5.000000 7.142857
2610 0.001914 1.463909 10.000000 8.333333
2610 0.000373 1.428110 50.000000 9.803922
2610 0.000896 1.411987 100.000000 10.000000
2610 0.000841 1.427624 150.000000 10.489511
2620 0.004947 1.554784 5.000000 7.142857
2620 0.003010 1.432326 10.000000 8.333333
2620 0.000409 1.414586 50.000000 10.204082
2620 0.001331 1.416427 100.000000 10.101010
2630 0.016773 1.637498 5.000000 7.142857
2630 0.007405 1.519685 10.000000 8.333333
2630 0.001174 1.411051 50.000000 10.638298
2630 0.001520 1.432831 100.000000 10.309278
2640 0.005913 1.477557 5.000000 8.333333
2640 0.003608 1.526677 10.000000 9.090909
2640 0.000437 1.421581 50.000000 10.638298
2640 0.002036 1.452931 100.000000 10.526316
2650 0.002030 1.649968 5.000000 8.333333
2650 0.001391 1.488016 10.000000 10.000000
2650 0.001230 1.424105 50.000000 10.204082
2650 0.001714 1.452718 100.000000 10.638298
2660 0.002842 1.625228 5.000000 8.333333
2660 0.001438 1.455563 10.000000 10.000000
2660 0.002240 1.435692 50.000000 9.803922
2660 0.001392 1.452999 100.000000 10.638298
2670 0.002769 1.528065 5.000000 8.333333
2670 0.002561 1.475417 10.000000 9.090909
2670 0.003076 1.429989 50.000000 9.803922
2680 0.002988 1.575876 5.000000 7.142857
2680 0.004168 1.429968 10.000000 8.333333
2680 0.003675 1.440504 50.000000 10.000000
2690 0.006150 1.565967 5.000000 7.142857
2690 0.005357 1.462792 10.000000 8.333333
2690 0.003496 1.480689 50.000000 10.416667
2700 0.005510 1.692374 5.000000 7.142857
2700 0.006319 1.433799 10.000000 9.090909
2700 0.002267 1.470943 50.000000 10.869565
2710 0.004799 1.527265 5.000000 8.333333
2710 0.005663 1.561513 10.000000 9.090909
2710 0.000741 1.457634 50.000000 11.111111
2720 0.003986 1.605677 5.000000 8.333333
2720 0.002197 1.469325 10.000000 10.000000
2730 0.003579 1.710855 5.000000 8.333333
2730 0.001222 1.518754 10.000000 10.000000
2740 0.002516 1.654465 5.000000 8.333333
2740 0.001648 1.465829 10.000000 10.000000
2750 0.007059 1.560267 5.000000 8.333333
2750 0.004790 1.393177 10.000000 10.000000
