0 0.005747 1.432568 5.000000 5.000000
0 0.003572 1.441535 10.000000 5.555555
0 0.000937 1.394785 50.000000 8.474576
0 0.001014 1.383824 100.000000 9.090909
0 0.014339 1.266741 150.000000 7.653061
0 0.011219 1.198967 200.000000 7.633588
0 0.009740 1.169783 250.000000 7.668712
0 0.007165 1.158602 300.000000 7.159904
10 0.004914 1.507445 5.000000 5.555555
10 0.003669 1.425585 10.000000 6.666667
10 0.000654 1.434395 50.000000 9.090909
10 0.002627 1.406527 100.000000 8.849558
10 0.014560 1.262828 150.000000 7.772021
10 0.011315 1.204716 200.000000 7.722008
10 0.009671 1.173571 250.000000 7.692307
10 0.004749 1.176942 300.000000 7.075472
20 0.004976 1.628843 5.000000 6.250000
20 0.002871 1.461696 10.000000 7.692307
20 0.000340 1.410499 50.000000 9.803922
20 0.015760 1.398386 100.000000 8.196721
20 0.014549 1.246803 150.000000 7.772021
20 0.011273 1.201065 200.000000 7.782101
20 0.009313 1.171037 250.000000 7.668712
20 0.002430 1.187518 300.000000 7.042253
30 0.004304 1.637683 5.000000 7.142857
30 0.002641 1.533584 10.000000 8.333333
30 0.000430 1.426823 50.000000 10.204082
30 0.021589 1.364870 100.000000 7.751938
30 0.015006 1.232769 150.000000 7.692307
30 0.011373 1.200503 200.000000 7.782101
30 0.008865 1.181209 250.000000 7.552870
30 0.001615 1.204926 300.000000 7.009346
40 0.002734 1.478389 5.000000 8.333333
40 0.001849 1.499242 10.000000 9.090909
40 0.000515 1.421219 50.000000 10.416667
40 0.021480 1.310977 100.000000 7.575758
40 0.015010 1.221082 150.000000 7.537688
40 0.011482 1.196823 200.000000 7.692307
40 0.009542 1.179699 250.000000 7.331378
40 0.001644 1.209267 300.000000 6.993007
50 0.002515 1.500142 5.000000 8.333333
50 0.000826 1.504068 10.000000 9.090909
50 0.000642 1.415698 50.000000 10.204082
50 0.021535 1.270653 100.000000 7.407407
50 0.015137 1.212796 150.000000 7.425743
50 0.012023 1.199897 200.000000 7.575758
50 0.009770 1.186050 250.000000 7.142857
50 0.001623 1.222860 300.000000 6.976744
60 0.002246 1.501896 5.000000 8.333333
60 0.002603 1.511558 10.000000 9.090909
60 0.000644 1.389614 50.000000 9.259259
60 0.021706 1.253371 100.000000 7.194244
60 0.015048 1.216710 150.000000 7.317073
60 0.012147 1.202675 200.000000 7.407407
60 0.007900 1.199157 250.000000 6.868132
60 0.001533 1.234988 300.000000 6.944445
70 0.003984 1.524228 5.000000 8.333333
70 0.001063 1.527056 10.000000 9.090909
70 0.033073 1.407564 50.000000 6.849315
70 0.021968 1.251351 100.000000 6.944445
70 0.015092 1.236516 150.000000 7.246377
70 0.011594 1.226789 200.000000 7.220217
70 0.002814 1.247090 250.000000 6.631300
70 0.001337 1.257807 300.000000 6.849315
80 0.001763 1.496528 5.000000 8.333333
80 0.001103 1.482457 10.000000 9.090909
80 0.043026 1.315895 50.000000 6.024096
80 0.022417 1.254174 100.000000 6.711410
80 0.015234 1.262424 150.000000 7.109005
80 0.011564 1.253723 200.000000 6.968641
80 0.001941 1.264849 250.000000 6.561680
80 0.002624 1.250912 300.000000 6.622517
90 0.003664 1.632900 5.000000 7.142857
90 0.003630 1.404043 10.000000 8.333333
90 0.043343 1.296486 50.000000 5.747127
90 0.022672 1.282306 100.000000 6.535948
90 0.015492 1.289769 150.000000 6.976744
90 0.012171 1.273957 200.000000 6.711410
90 0.002003 1.281469 250.000000 6.527415
90 0.006868 1.176800 300.000000 6.396588
100 0.007668 1.373286 5.000000 6.250000
100 0.011258 1.376880 10.000000 5.555555
100 0.043706 1.335498 50.000000 5.681818
100 0.023077 1.331471 100.000000 6.451613
100 0.016486 1.323421 150.000000 6.880734
100 0.012312 1.298152 200.000000 6.578948
100 0.002063 1.302317 250.000000 6.527415
100 0.006723 1.107666 300.000000 6.342494
110 0.064399 1.525597 5.000000 3.846154
110 0.124394 1.580426 10.000000 3.703704
110 0.043792 1.387617 50.000000 5.747127
110 0.022787 1.345501 100.000000 6.535948
110 0.016375 1.315642 150.000000 6.912442
110 0.010765 1.294995 200.000000 6.451613
110 0.002073 1.289956 250.000000 6.578948
110 0.006296 1.041974 300.000000 6.369427
120 0.175614 1.561769 5.000000 3.333333
120 0.175796 1.539903 10.000000 3.571429
120 0.040398 1.416224 50.000000 6.024096
120 0.021032 1.369444 100.000000 6.756757
120 0.015101 1.340758 150.000000 7.009346
120 0.006912 1.329213 200.000000 6.410256
120 0.001090 1.285078 250.000000 6.648936
120 0.006892 0.987212 300.000000 6.437768
130 0.212832 1.329986 5.000000 3.333333
130 0.145759 1.335075 10.000000 3.846154
130 0.030248 1.249828 50.000000 6.410256
130 0.015990 1.229560 100.000000 6.993007
130 0.011655 1.202851 150.000000 7.142857
130 0.001444 1.195036 200.000000 6.451613
130 0.001548 1.102557 250.000000 6.738544
130 0.008363 0.805412 300.000000 6.521739
140 0.129864 0.763815 5.000000 3.846154
140 0.073658 0.722281 10.000000 4.761905
140 0.015644 0.700701 50.000000 6.849315
140 0.008759 0.695136 100.000000 7.299270
140 0.006305 0.684436 150.000000 7.281553
140 0.004008 0.674709 200.000000 6.535948
140 0.004600 0.598777 250.000000 6.811989
140 0.009688 0.417843 300.000000 6.607930
150 0.027954 0.136711 5.000000 5.000000
150 0.013431 0.127328 10.000000 5.882353
150 0.004819 0.120724 50.000000 7.246377
150 0.002919 0.123204 100.000000 7.575758
150 0.001029 0.122236 150.000000 7.352941
150 0.007732 0.119470 200.000000 6.622517
150 0.007210 0.102698 250.000000 6.830601
150 0.010156 0.068640 300.000000 6.681514
160 0.001155 0.037164 5.000000 6.250000
160 0.001402 0.035373 10.000000 6.666667
160 0.002677 0.023428 50.000000 7.352941
160 0.001915 0.017012 100.000000 7.751938
160 0.001079 0.017283 150.000000 7.352941
160 0.008731 0.017030 200.000000 6.666667
160 0.010210 0.017365 250.000000 6.756757
160 0.010222 0.011265 300.000000 6.741573
170 0.004272 0.027728 5.000000 6.250000
170 0.002922 0.023133 10.000000 7.142857
170 0.002861 0.012682 50.000000 7.352941
170 0.002379 0.013301 100.000000 7.751938
170 0.002158 0.012720 150.000000 7.142857
170 0.008735 0.011147 200.000000 6.711410
170 0.012510 0.012372 250.000000 6.596306
170 0.010241 0.008634 300.000000 6.756757
180 0.003366 0.034828 5.000000 6.250000
180 0.001806 0.032806 10.000000 7.142857
180 0.003052 0.030825 50.000000 7.352941
180 0.003040 0.031208 100.000000 7.692307
180 0.002573 0.030244 150.000000 6.976744
180 0.008824 0.023281 200.000000 6.734007
180 0.012426 0.019658 250.000000 6.493506
180 0.010205 0.013113 300.000000 6.772009
190 0.003812 0.036441 5.000000 6.250000
190 0.002750 0.031918 10.000000 7.142857
190 0.002989 0.029112 50.000000 7.352941
190 0.003805 0.031131 100.000000 7.575758
190 0.001916 0.029776 150.000000 6.818182
190 0.008955 0.023903 200.000000 6.756757
190 0.012305 0.018378 250.000000 6.476684
190 0.010254 0.011710 300.000000 6.787330
200 0.002595 0.059409 5.000000 6.250000
200 0.003491 0.061239 10.000000 6.250000
200 0.002162 0.054630 50.000000 7.352941
200 0.003073 0.055170 100.000000 7.518797
200 0.003878 0.053061 150.000000 6.521739
200 0.009192 0.044324 200.000000 6.779661
200 0.012295 0.030522 250.000000 6.493506
200 0.010266 0.017879 300.000000 6.818182
210 0.010818 0.076524 5.000000 5.555555
210 0.008015 0.071011 10.000000 6.250000
210 0.001831 0.066138 50.000000 7.575758
210 0.001878 0.066710 100.000000 7.407407
210 0.010048 0.062896 150.000000 6.382979
210 0.009369 0.052552 200.000000 6.779661
210 0.012242 0.032452 250.000000 6.527415
210 0.010221 0.017924 300.000000 6.864988
220 0.002006 0.159892 5.000000 5.555555
220 0.002034 0.130689 10.000000 6.666667
220 0.000867 0.133403 50.000000 7.812500
220 0.001051 0.133547 100.000000 7.352941
220 0.012074 0.124077 150.000000 6.410256
220 0.010562 0.101856 200.000000 6.688963
220 0.012177 0.058020 250.000000 6.578948
220 0.010179 0.028942 300.000000 6.912442
230 0.001176 0.131802 5.000000 6.250000
230 0.002290 0.137925 10.000000 6.666667
230 0.001618 0.149234 50.000000 7.936508
230 0.001273 0.149829 100.000000 7.142857
230 0.012375 0.133836 150.000000 6.437768
230 0.014661 0.108808 200.000000 6.514658
230 0.012217 0.058009 250.000000 6.596306
230 0.010209 0.026738 300.000000 6.944445
240 0.002698 0.171447 5.000000 6.250000
240 0.002667 0.169572 10.000000 7.142857
240 0.002296 0.168847 50.000000 7.936508
240 0.002091 0.165861 100.000000 6.896552
240 0.012520 0.141474 150.000000 6.493506
240 0.015632 0.108295 200.000000 6.329114
240 0.012241 0.055762 250.000000 6.631300
240 0.010176 0.024290 300.000000 6.976744
250 0.003190 0.225708 5.000000 6.250000
250 0.001793 0.193923 10.000000 7.692307
250 0.003834 0.190498 50.000000 7.936508
250 0.002188 0.188272 100.000000 6.711410
250 0.012716 0.152992 150.000000 6.521739
250 0.015312 0.106573 200.000000 6.269592
250 0.012236 0.051569 250.000000 6.648936
250 0.010117 0.022772 300.000000 7.009346
260 0.001096 0.175113 5.000000 7.142857
260 0.001418 0.175356 10.000000 7.692307
260 0.004947 0.169486 50.000000 7.692307
260 0.000530 0.166410 100.000000 6.369427
260 0.012779 0.131170 150.000000 6.550218
260 0.015309 0.083291 200.000000 6.269592
260 0.012280 0.037811 250.000000 6.666667
260 0.010176 0.018671 300.000000 7.042253
270 0.004237 0.153697 5.000000 7.142857
270 0.003099 0.153277 10.000000 7.692307
270 0.003518 0.152627 50.000000 7.352941
270 0.012062 0.147249 100.000000 5.952381
270 0.012934 0.115100 150.000000 6.550218
270 0.015347 0.063782 200.000000 6.269592
270 0.012311 0.026191 250.000000 6.684492
270 0.010218 0.018302 300.000000 7.058824
280 0.006021 0.194461 5.000000 6.250000
280 0.006693 0.179021 10.000000 7.142857
280 0.002530 0.170583 50.000000 6.849315
280 0.018018 0.154735 100.000000 5.813953
280 0.013501 0.119259 150.000000 6.382979
280 0.015210 0.055829 200.000000 6.289308
280 0.012205 0.023725 250.000000 6.720430
280 0.010157 0.030296 300.000000 7.075472
290 0.005902 0.230709 5.000000 6.250000
290 0.006917 0.228789 10.000000 6.666667
290 0.000877 0.211103 50.000000 6.410256
290 0.018973 0.176138 100.000000 5.813953
290 0.018792 0.131732 150.000000 6.147541
290 0.015155 0.054367 200.000000 6.309148
290 0.012147 0.030410 250.000000 6.738544
290 0.010111 0.048138 300.000000 7.109005
300 0.008245 0.272329 5.000000 6.250000
300 0.014125 0.270936 10.000000 6.666667
300 0.002088 0.256146 50.000000 6.024096
300 0.019351 0.196624 100.000000 5.882353
300 0.020427 0.133364 150.000000 5.905512
300 0.015069 0.052095 200.000000 6.329114
300 0.012019 0.047375 250.000000 6.775068
300 0.010025 0.072921 300.000000 7.159904
310 0.015931 0.356594 5.000000 6.250000
310 0.007646 0.371366 10.000000 6.250000
310 0.001603 0.345487 50.000000 5.747127
310 0.020269 0.249369 100.000000 5.952381
310 0.020117 0.152844 150.000000 5.836576
310 0.015091 0.062877 200.000000 6.369427
310 0.011969 0.076105 250.000000 6.830601
310 0.010070 0.112636 300.000000 7.194244
320 0.004629 0.445562 5.000000 5.555555
320 0.008417 0.405306 10.000000 6.250000
320 0.002109 0.407407 50.000000 5.555555
320 0.021237 0.293713 100.000000 6.024096
320 0.020265 0.164121 150.000000 5.859375
320 0.015291 0.076815 200.000000 6.410256
320 0.012142 0.105767 250.000000 6.868132
320 0.010130 0.147832 300.000000 7.246377
330 0.011688 0.369057 5.000000 5.555555
330 0.020083 0.374947 10.000000 5.555555
330 0.015743 0.369566 50.000000 5.102041
330 0.021214 0.260281 100.000000 6.097561
330 0.020432 0.127337 150.000000 5.905512
330 0.015342 0.074320 200.000000 6.472492
330 0.012210 0.110897 250.000000 6.925208
330 0.010150 0.148103 300.000000 7.299270
340 0.037908 0.305418 5.000000 5.000000
340 0.023908 0.309769 10.000000 5.263158
340 0.032061 0.291817 50.000000 4.901961
340 0.020969 0.211473 100.000000 6.172840
340 0.020531 0.091363 150.000000 5.976096
340 0.015417 0.067276 200.000000 6.535948
340 0.012319 0.100737 250.000000 7.002801
340 0.010198 0.130963 300.000000 7.352941
350 0.006908 0.116076 5.000000 4.545455
350 0.018924 0.101693 10.000000 5.000000
350 0.034475 0.081828 50.000000 4.950495
350 0.019388 0.066881 100.000000 6.134969
350 0.020503 0.021616 150.000000 6.072875
350 0.015431 0.016128 200.000000 6.622517
350 0.012317 0.029110 250.000000 7.082153
350 0.010229 0.039400 300.000000 7.389163
360 0.037169 0.109788 5.000000 4.545455
360 0.023554 0.110089 10.000000 4.761905
360 0.036160 0.079381 50.000000 5.102041
360 0.023898 0.060620 100.000000 6.024096
360 0.020294 0.024289 150.000000 6.147541
360 0.015283 0.032649 200.000000 6.734007
360 0.012231 0.044873 250.000000 7.183908
360 0.010149 0.054180 300.000000 7.444169
370 0.011184 0.321813 5.000000 4.166667
370 0.011673 0.306880 10.000000 4.761905
370 0.039510 0.213130 50.000000 5.319149
370 0.030375 0.166874 100.000000 5.917160
370 0.020278 0.083615 150.000000 6.276151
370 0.015227 0.108064 200.000000 6.825939
370 0.012168 0.138068 250.000000 7.267442
370 0.010118 0.160064 300.000000 7.481297
380 0.013428 0.377595 5.000000 4.545455
380 0.005925 0.362143 10.000000 5.000000
380 0.040506 0.234376 50.000000 5.617978
380 0.030961 0.178731 100.000000 5.813953
380 0.020291 0.108653 150.000000 6.382979
380 0.015180 0.141790 200.000000 6.944445
380 0.012146 0.173778 250.000000 7.396450
380 0.010148 0.198650 300.000000 7.500000
390 0.002796 0.413881 5.000000 5.000000
390 0.010005 0.412222 10.000000 5.000000
390 0.041981 0.270322 50.000000 5.882353
390 0.030642 0.192756 100.000000 5.813953
390 0.020315 0.145453 150.000000 6.493506
390 0.015162 0.187332 200.000000 7.067138
390 0.012174 0.224861 250.000000 7.485030
390 0.010342 0.251001 300.000000 7.444169
400 0.024062 0.416914 5.000000 4.166667
400 0.059543 0.382351 10.000000 4.166667
400 0.041948 0.261997 50.000000 6.172840
400 0.030495 0.176070 100.000000 5.847953
400 0.020464 0.159450 150.000000 6.607930
400 0.015179 0.199863 200.000000 7.168459
400 0.012225 0.233028 250.000000 7.575758
400 0.009701 0.255023 300.000000 7.317073
410 0.099793 0.290227 5.000000 3.571429
410 0.128638 0.282669 10.000000 3.703704
410 0.040809 0.219235 50.000000 6.493506
410 0.030775 0.136597 100.000000 5.988024
410 0.020612 0.131889 150.000000 6.726458
410 0.015359 0.159488 200.000000 7.299270
410 0.012301 0.182704 250.000000 7.692307
410 0.008349 0.196249 300.000000 7.317073
420 0.149405 0.081449 5.000000 3.571429
420 0.136189 0.066060 10.000000 4.166667
420 0.034649 0.027407 50.000000 7.042253
420 0.030709 0.022817 100.000000 6.211180
420 0.020516 0.032020 150.000000 6.912442
420 0.015313 0.038659 200.000000 7.462687
420 0.012306 0.043054 250.000000 7.836991
420 0.006934 0.043811 300.000000 7.371007
430 0.147527 0.583935 5.000000 4.166667
430 0.104525 0.539092 10.000000 5.000000
430 0.024673 0.454699 50.000000 7.575758
430 0.029437 0.266696 100.000000 6.410256
430 0.019708 0.280004 150.000000 7.109005
430 0.014672 0.331950 200.000000 7.633588
430 0.011870 0.372788 250.000000 7.987220
430 0.005317 0.380403 300.000000 7.462687
440 0.068848 1.075920 5.000000 5.555555
440 0.049417 1.071658 10.000000 6.250000
440 0.011882 0.988197 50.000000 8.064516
440 0.026284 0.533342 100.000000 6.622517
440 0.017682 0.548480 150.000000 7.281553
440 0.013154 0.641736 200.000000 7.782101
440 0.010762 0.714935 250.000000 8.116883
440 0.003219 0.710235 300.000000 7.537688
450 0.020947 1.418640 5.000000 6.250000
450 0.010180 1.377706 10.000000 7.142857
450 0.005451 1.267080 50.000000 7.692307
450 0.023988 0.626136 100.000000 6.756757
450 0.016170 0.680442 150.000000 7.425743
450 0.012033 0.793163 200.000000 7.905138
450 0.009841 0.883246 250.000000 8.143323
450 0.001950 0.838402 300.000000 7.575758
460 0.002664 1.459111 5.000000 7.142857
460 0.003282 1.469573 10.000000 7.692307
460 0.026569 1.261913 50.000000 6.756757
460 0.023133 0.641072 100.000000 6.802721
460 0.015656 0.763989 150.000000 7.462687
460 0.011775 0.878834 200.000000 7.936508
460 0.009464 0.956778 250.000000 8.116883
460 0.001686 0.865601 300.000000 7.575758
470 0.002432 1.474991 5.000000 7.142857
470 0.001651 1.350598 10.000000 8.333333
470 0.048695 0.951907 50.000000 5.747127
470 0.023273 0.695611 100.000000 6.802721
470 0.015812 0.861375 150.000000 7.500000
470 0.011916 0.969939 200.000000 7.968128
470 0.009070 1.036250 250.000000 7.936508
470 0.001738 0.889805 300.000000 7.537688
480 0.003721 1.459687 5.000000 7.142857
480 0.004049 1.420071 10.000000 7.692307
480 0.049116 0.706172 50.000000 5.494505
480 0.023145 0.822387 100.000000 6.756757
480 0.015650 0.968727 150.000000 7.537688
480 0.011994 1.060623 200.000000 8.000000
480 0.004837 1.100252 250.000000 7.552870
480 0.000806 0.907736 300.000000 7.371007
490 0.005465 1.488871 5.000000 6.250000
490 0.006044 1.337748 10.000000 6.666667
490 0.046708 0.721354 50.000000 5.434783
490 0.023437 0.968620 100.000000 6.802721
490 0.015522 1.097237 150.000000 7.537688
490 0.011955 1.157839 200.000000 8.032128
490 0.001788 1.133086 250.000000 7.418397
490 0.004176 0.902135 300.000000 7.159904
500 0.005773 1.336000 5.000000 5.000000
500 0.039017 1.350374 10.000000 4.545455
500 0.045719 0.895240 50.000000 5.555555
500 0.023136 1.113692 100.000000 6.896552
500 0.015292 1.194653 150.000000 7.653061
500 0.011856 1.243801 200.000000 8.064516
500 0.001601 1.146749 250.000000 7.396450
500 0.006059 0.876738 300.000000 7.092198
510 0.085279 1.355620 5.000000 3.846154
510 0.131899 1.081487 10.000000 4.000000
510 0.045221 1.097250 50.000000 5.747127
510 0.022905 1.220483 100.000000 7.092198
510 0.015127 1.266834 150.000000 7.812500
510 0.011686 1.296521 200.000000 8.163265
510 0.001524 1.149160 250.000000 7.485030
510 0.006244 0.852671 300.000000 7.125891
520 0.189830 1.136532 5.000000 3.571429
520 0.186990 0.925013 10.000000 3.703704
520 0.040544 1.273256 50.000000 6.097561
520 0.020574 1.319571 100.000000 7.407407
520 0.013690 1.354237 150.000000 8.021390
520 0.010451 1.368598 200.000000 8.298756
520 0.000384 1.160916 250.000000 7.575758
520 0.007065 0.833029 300.000000 7.211538
530 0.220898 0.870214 5.000000 3.333333
530 0.147676 0.961890 10.000000 3.703704
530 0.027790 1.153462 50.000000 6.578948
530 0.014276 1.169346 100.000000 7.692307
530 0.009564 1.174936 150.000000 8.287292
530 0.007286 1.186503 200.000000 8.438819
530 0.002436 0.922850 250.000000 7.692307
530 0.008652 0.625124 300.000000 7.299270
540 0.124733 0.546757 5.000000 3.571429
540 0.078670 0.627331 10.000000 4.347826
540 0.012159 0.618565 50.000000 7.142857
540 0.006493 0.600647 100.000000 8.130081
540 0.004408 0.600393 150.000000 8.620689
540 0.003334 0.612831 200.000000 8.620689
540 0.005601 0.403747 250.000000 7.812500
540 0.009986 0.328231 300.000000 7.389163
550 0.043306 0.178208 5.000000 4.545455
550 0.023696 0.232921 10.000000 5.263158
550 0.001684 0.118831 50.000000 7.692307
550 0.001231 0.114958 100.000000 8.547009
550 0.000865 0.115639 150.000000 8.928572
550 0.000416 0.115279 200.000000 8.695652
550 0.007580 0.352900 250.000000 7.936508
550 0.010372 0.426726 300.000000 7.500000
560 0.009028 0.088757 5.000000 5.555555
560 0.008421 0.038506 10.000000 6.666667
560 0.003670 0.174272 50.000000 8.333333
560 0.001264 0.185484 100.000000 8.849558
560 0.000717 0.185198 150.000000 9.202454
560 0.002310 0.173434 200.000000 8.620689
560 0.008214 0.519912 250.000000 7.987220
560 0.010365 0.520145 300.000000 7.556675
570 0.018176 0.130411 5.000000 6.250000
570 0.013671 0.159997 10.000000 7.692307
570 0.003547 0.236146 50.000000 8.620689
570 0.001199 0.216599 100.000000 9.090909
570 0.000488 0.207946 150.000000 9.375000
570 0.007129 0.233500 200.000000 8.298756
570 0.009167 0.586820 250.000000 7.861635
570 0.010247 0.528848 300.000000 7.594937
580 0.004647 0.182191 5.000000 7.142857
580 0.002333 0.183158 10.000000 7.692307
580 0.000219 0.185288 50.000000 8.771930
580 0.000146 0.158224 100.000000 9.259259
580 0.000439 0.145243 150.000000 9.433962
580 0.009821 0.242967 200.000000 8.097166
580 0.011763 0.565843 250.000000 7.598784
580 0.010191 0.483656 300.000000 7.575758
590 0.002072 0.175004 5.000000 7.142857
590 0.001175 0.174654 10.000000 7.692307
590 0.000669 0.169253 50.000000 8.928572
590 0.000038 0.150790 100.000000 9.345795
590 0.000782 0.134186 150.000000 9.433962
590 0.009787 0.309381 200.000000 8.032128
590 0.012215 0.557845 250.000000 7.485030
590 0.010143 0.472298 300.000000 7.537688
600 0.002372 0.188590 5.000000 7.142857
600 0.001799 0.190694 10.000000 7.692307
600 0.000599 0.165056 50.000000 9.090909
600 0.000287 0.154250 100.000000 9.345795
600 0.000490 0.130285 150.000000 9.316771
600 0.009710 0.396420 200.000000 8.000000
600 0.012285 0.558184 250.000000 7.440476
600 0.010130 0.472633 300.000000 7.481297
610 0.002124 0.192948 5.000000 7.142857
610 0.002078 0.200494 10.000000 7.692307
610 0.000911 0.151362 50.000000 9.259259
610 0.000577 0.145506 100.000000 9.523809
610 0.000348 0.126623 150.000000 9.146341
610 0.009553 0.466114 200.000000 7.968128
610 0.012211 0.548150 250.000000 7.418397
610 0.010113 0.465406 300.000000 7.425743
620 0.003343 0.219159 5.000000 7.142857
620 0.001274 0.197138 10.000000 8.333333
620 0.001325 0.144064 50.000000 9.259259
620 0.000830 0.141611 100.000000 9.615385
620 0.002379 0.133942 150.000000 8.620689
620 0.009371 0.534174 200.000000 7.874016
620 0.012222 0.541569 250.000000 7.396450
620 0.010124 0.457046 300.000000 7.352941
630 0.008653 0.170253 5.000000 7.142857
630 0.004221 0.147256 10.000000 8.333333
630 0.000947 0.129894 50.000000 9.433962
630 0.001023 0.127974 100.000000 9.615385
630 0.010894 0.181468 150.000000 7.978724
630 0.012549 0.609630 200.000000 7.518797
630 0.012240 0.535075 250.000000 7.374631
630 0.010218 0.446175 300.000000 7.334963
640 0.003425 0.151410 5.000000 7.142857
640 0.001874 0.136799 10.000000 8.333333
640 0.000494 0.134843 50.000000 9.433962
640 0.000866 0.121687 100.000000 9.615385
640 0.013284 0.311169 150.000000 7.772021
640 0.015222 0.668567 200.000000 7.220217
640 0.012243 0.543699 250.000000 7.309941
640 0.010321 0.442698 300.000000 7.334963
650 0.000718 0.133780 5.000000 7.142857
650 0.000510 0.122154 10.000000 8.333333
650 0.000404 0.137315 50.000000 9.433962
650 0.000706 0.107465 100.000000 9.433962
650 0.013161 0.433316 150.000000 7.692307
650 0.015360 0.669465 200.000000 7.117438
650 0.012199 0.542510 250.000000 7.246377
650 0.010314 0.436873 300.000000 7.334963
660 0.001503 0.141379 5.000000 7.142857
660 0.001725 0.125617 10.000000 8.333333
660 0.000254 0.139907 50.000000 9.615385
660 0.000313 0.106111 100.000000 9.174312
660 0.013048 0.559060 150.000000 7.614213
660 0.015394 0.667096 200.000000 7.067138
660 0.012155 0.540538 250.000000 7.142857
660 0.010299 0.431796 300.000000 7.334963
670 0.003726 0.146063 5.000000 7.142857
670 0.002787 0.148609 10.000000 8.333333
670 0.000323 0.145807 50.000000 9.615385
670 0.002483 0.119957 100.000000 8.403361
670 0.012940 0.691111 150.000000 7.462687
670 0.015286 0.669943 200.000000 7.017544
670 0.012116 0.536162 250.000000 7.042253
670 0.010197 0.426871 300.000000 7.334963
680 0.003486 0.193243 5.000000 7.142857
680 0.001391 0.179927 10.000000 8.333333
680 0.001192 0.134210 50.000000 9.615385
680 0.015135 0.214970 100.000000 7.407407
680 0.015814 0.796998 150.000000 7.075472
680 0.015195 0.661901 200.000000 6.968641
680 0.012158 0.524021 250.000000 7.002801
680 0.010115 0.423218 300.000000 7.334963
690 0.002835 0.188784 5.000000 7.142857
690 0.001075 0.172670 10.000000 8.333333
690 0.001747 0.113214 50.000000 9.615385
690 0.019805 0.376289 100.000000 7.092198
690 0.020084 0.851842 150.000000 6.666667
690 0.015234 0.653353 200.000000 6.896552
690 0.012303 0.512484 250.000000 6.983240
690 0.010160 0.415740 300.000000 7.317073
700 0.004251 0.162471 5.000000 7.142857
700 0.003626 0.136802 10.000000 8.333333
700 0.002022 0.094384 50.000000 9.259259
700 0.019510 0.562342 100.000000 6.944445
700 0.020428 0.847807 150.000000 6.521739
700 0.015270 0.648414 200.000000 6.825939
700 0.012361 0.504947 250.000000 6.983240
700 0.010257 0.401167 300.000000 7.317073
710 0.000947 0.107089 5.000000 8.333333
710 0.001175 0.105511 10.000000 9.090909
710 0.000511 0.075410 50.000000 8.620689
710 0.019650 0.762323 100.000000 6.849315
710 0.020508 0.849635 150.000000 6.465517
710 0.015193 0.645719 200.000000 6.711410
710 0.012357 0.494334 250.000000 6.983240
710 0.010378 0.379191 300.000000 7.299270
720 0.003085 0.098849 5.000000 7.142857
720 0.002269 0.078739 10.000000 8.333333
720 0.004048 0.082264 50.000000 7.462687
720 0.019527 0.957094 100.000000 6.666667
720 0.020445 0.849404 150.000000 6.410256
720 0.015188 0.639259 200.000000 6.578948
720 0.012247 0.488203 250.000000 6.983240
720 0.010395 0.366207 300.000000 7.281553
730 0.002271 0.075443 5.000000 7.142857
730 0.002621 0.065676 10.000000 8.333333
730 0.030436 0.301258 50.000000 5.952381
730 0.023304 1.139244 100.000000 6.250000
730 0.020455 0.848293 150.000000 6.329114
730 0.015326 0.623629 200.000000 6.514658
730 0.012248 0.477752 250.000000 6.963789
730 0.010468 0.349021 300.000000 7.246377
740 0.003148 0.057046 5.000000 7.142857
740 0.002497 0.047093 10.000000 7.692307
740 0.041004 0.681348 50.000000 5.555555
740 0.030136 1.256327 100.000000 5.780347
740 0.020351 0.843125 150.000000 6.276151
740 0.015378 0.607268 200.000000 6.514658
740 0.012190 0.461796 250.000000 6.963789
740 0.010380 0.332935 300.000000 7.194244
750 0.005384 0.060985 5.000000 6.250000
750 0.004592 0.078291 10.000000 6.666667
750 0.040962 1.034336 50.000000 5.494505
750 0.030561 1.266450 100.000000 5.649717
750 0.020291 0.835200 150.000000 6.224066
750 0.015400 0.590571 200.000000 6.535948
750 0.012200 0.435264 250.000000 6.983240
750 0.010279 0.313163 300.000000 7.109005
760 0.003460 0.104360 5.000000 5.555555
760 0.005729 0.119761 10.000000 5.882353
760 0.040082 1.310707 50.000000 5.555555
760 0.030740 1.256667 100.000000 5.649717
760 0.020259 0.838702 150.000000 6.224066
760 0.015398 0.595159 200.000000 6.600660
760 0.012381 0.434446 250.000000 7.022472
760 0.010187 0.317963 300.000000 6.912442
770 0.016456 0.172718 5.000000 4.545455
770 0.039961 0.291866 10.000000 4.347826
770 0.039402 1.581143 50.000000 5.617978
770 0.030631 1.254380 100.000000 5.714286
770 0.020221 0.843472 150.000000 6.198347
770 0.015404 0.601632 200.000000 6.666667
770 0.012419 0.438389 250.000000 7.082153
770 0.009458 0.309325 300.000000 6.802721
780 0.071057 0.419109 5.000000 3.571429
780 0.114414 0.842212 10.000000 3.448276
780 0.037953 1.754415 50.000000 5.813953
780 0.030631 1.263428 100.000000 5.813953
780 0.020231 0.866504 150.000000 6.250000
780 0.015323 0.635345 200.000000 6.756757
780 0.012524 0.474474 250.000000 7.163324
780 0.008708 0.326514 300.000000 6.802721
790 0.146415 0.923538 5.000000 3.125000
790 0.141957 1.349619 10.000000 3.571429
790 0.033508 1.832657 50.000000 6.097561
790 0.030520 1.302440 100.000000 5.988024
790 0.020339 0.951691 150.000000 6.355932
790 0.015346 0.754573 200.000000 6.896552
790 0.012520 0.612998 250.000000 7.267442
790 0.008649 0.462396 300.000000 6.864988
800 0.168035 1.463135 5.000000 3.333333
800 0.127526 1.639436 10.000000 4.166667
800 0.026040 1.825059 50.000000 6.329114
800 0.029516 1.365879 100.000000 6.211180
800 0.019897 1.109498 150.000000 6.493506
800 0.014855 0.976107 200.000000 7.042253
800 0.012259 0.871271 250.000000 7.396450
800 0.008897 0.722710 300.000000 6.928406
810 0.124378 1.706506 5.000000 4.166667
810 0.076808 1.646729 10.000000 5.263158
810 0.020444 1.710606 50.000000 6.410256
810 0.026634 1.387499 100.000000 6.451613
810 0.018363 1.260042 150.000000 6.666667
810 0.013529 1.204623 200.000000 7.220217
810 0.011200 1.153265 250.000000 7.507507
810 0.009737 1.009310 300.000000 7.009346
820 0.038486 1.557989 5.000000 5.555555
820 0.018253 1.582292 10.000000 6.250000
820 0.024905 1.520196 50.000000 6.172840
820 0.022549 1.301308 100.000000 6.622517
820 0.015700 1.271922 150.000000 6.787330
820 0.011688 1.272831 200.000000 7.326007
820 0.009452 1.251628 250.000000 7.598784
820 0.010148 1.101655 300.000000 7.075472
830 0.004405 1.534548 5.000000 6.250000
830 0.003489 1.447964 10.000000 7.142857
830 0.038149 1.395383 50.000000 5.882353
830 0.021337 1.271325 100.000000 6.666667
830 0.014739 1.278749 150.000000 6.880734
830 0.011478 1.295958 200.000000 7.407407
830 0.008946 1.289339 250.000000 7.621951
830 0.010364 1.096946 300.000000 7.109005
840 0.002817 1.618930 5.000000 6.250000
840 0.002606 1.496447 10.000000 7.142857
840 0.043386 1.343871 50.000000 5.747127
840 0.021497 1.295262 100.000000 6.622517
840 0.014744 1.302448 150.000000 6.944445
840 0.011884 1.308212 200.000000 7.462687
840 0.009051 1.304927 250.000000 7.530120
840 0.010356 1.047093 300.000000 7.109005
850 0.003714 1.576055 5.000000 6.250000
850 0.001744 1.418763 10.000000 7.142857
850 0.043306 1.326878 50.000000 5.681818
850 0.021596 1.324653 100.000000 6.535948
850 0.014701 1.324901 150.000000 7.009346
850 0.011709 1.324479 200.000000 7.490637
850 0.009883 1.316863 250.000000 7.225433
850 0.010377 1.002475 300.000000 7.109005
860 0.003179 1.536724 5.000000 5.555555
860 0.001483 1.414460 10.000000 5.555555
860 0.043005 1.356153 50.000000 5.681818
860 0.021768 1.356931 100.000000 6.451613
860 0.014679 1.352858 150.000000 7.075472
860 0.011551 1.345843 200.000000 7.518797
860 0.011813 1.313707 250.000000 7.042253
860 0.010276 0.964981 300.000000 7.075472
870 0.019329 1.469902 5.000000 4.166667
870 0.068361 1.497374 10.000000 4.166667
870 0.043406 1.404229 50.000000 5.813953
870 0.022598 1.399022 100.000000 6.410256
870 0.014750 1.380077 150.000000 7.177033
870 0.011610 1.363821 200.000000 7.575758
870 0.012499 1.290648 250.000000 7.002801
870 0.009132 0.927105 300.000000 7.009346
880 0.122711 1.638922 5.000000 3.571429
880 0.141115 1.604240 10.000000 3.846154
880 0.042292 1.439640 50.000000 6.097561
880 0.022316 1.410997 100.000000 6.578948
880 0.014421 1.401339 150.000000 7.317073
880 0.011314 1.373004 200.000000 7.692307
880 0.012508 1.264890 250.000000 7.062147
880 0.007661 0.902687 300.000000 7.009346
890 0.171949 1.498912 5.000000 3.571429
890 0.153680 1.513008 10.000000 4.000000
890 0.035548 1.400089 50.000000 6.493506
890 0.019070 1.381906 100.000000 6.802721
890 0.012289 1.375438 150.000000 7.537688
890 0.009569 1.356795 200.000000 7.843137
890 0.012499 1.237189 250.000000 7.142857
890 0.008106 0.899676 300.000000 7.042253
900 0.163998 1.165609 5.000000 3.846154
900 0.112308 1.144752 10.000000 4.545455
900 0.023444 1.058708 50.000000 6.944445
900 0.012866 1.051986 100.000000 7.042253
900 0.008510 1.043173 150.000000 7.772021
900 0.006350 1.035390 200.000000 8.000000
900 0.012022 0.937708 250.000000 7.246377
900 0.009223 0.693110 300.000000 7.109005
910 0.072710 0.447569 5.000000 5.000000
910 0.047841 0.469140 10.000000 5.555555
910 0.009332 0.436240 50.000000 7.352941
910 0.005520 0.429982 100.000000 7.352941
910 0.004204 0.430480 150.000000 7.978724
910 0.002722 0.426923 200.000000 8.163265
910 0.010639 0.381939 250.000000 7.352941
910 0.009978 0.282259 300.000000 7.177033
920 0.017578 0.074315 5.000000 5.555555
920 0.007505 0.058801 10.000000 6.666667
920 0.001626 0.047305 50.000000 7.692307
920 0.001350 0.048261 100.000000 7.575758
920 0.002128 0.048498 150.000000 8.152174
920 0.000805 0.048689 200.000000 8.196721
920 0.009751 0.042000 250.000000 7.418397
920 0.010178 0.031283 300.000000 7.228916
930 0.007411 0.053075 5.000000 6.250000
930 0.004892 0.047891 10.000000 7.142857
930 0.000730 0.046359 50.000000 7.692307
930 0.000322 0.044920 100.000000 7.751938
930 0.001554 0.043488 150.000000 8.287292
930 0.000722 0.041592 200.000000 8.000000
930 0.009351 0.035009 250.000000 7.462687
930 0.010239 0.024079 300.000000 7.263923
940 0.003268 0.013843 5.000000 6.250000
940 0.001443 0.011940 10.000000 7.142857
940 0.001154 0.002797 50.000000 7.462687
940 0.000585 0.006955 100.000000 7.874016
940 0.001307 0.006130 150.000000 8.333333
940 0.003483 0.005361 200.000000 7.575758
940 0.009386 0.006289 250.000000 7.440476
940 0.010253 0.004791 300.000000 7.299270
950 0.004056 0.013873 5.000000 6.250000
950 0.002895 0.009584 10.000000 7.142857
950 0.002008 0.009083 50.000000 7.142857
950 0.000545 0.011354 100.000000 7.936508
950 0.001118 0.011661 150.000000 8.379889
950 0.007591 0.011835 200.000000 7.380074
950 0.010285 0.011025 250.000000 7.352941
950 0.010190 0.006598 300.000000 7.317073
960 0.003026 0.028953 5.000000 6.250000
960 0.001976 0.027152 10.000000 7.142857
960 0.003173 0.025936 50.000000 6.944445
960 0.000551 0.023605 100.000000 8.064516
960 0.001065 0.023656 150.000000 8.379889
960 0.010446 0.022827 200.000000 7.299270
960 0.012266 0.016930 250.000000 7.183908
960 0.010183 0.012953 300.000000 7.334963
970 0.001083 0.038051 5.000000 6.250000
970 0.000888 0.038239 10.000000 6.666667
970 0.002559 0.034805 50.000000 7.042253
970 0.001116 0.032436 100.000000 8.130081
970 0.000821 0.031932 150.000000 8.379889
970 0.011398 0.029928 200.000000 7.299270
970 0.012293 0.021549 250.000000 7.122507
970 0.010185 0.015666 300.000000 7.371007
980 0.006066 0.038642 5.000000 6.250000
980 0.001150 0.037352 10.000000 6.666667
980 0.001551 0.036061 50.000000 7.246377
980 0.002131 0.034649 100.000000 8.264462
980 0.000768 0.034170 150.000000 8.379889
980 0.011937 0.031111 200.000000 7.299270
980 0.012254 0.022007 250.000000 7.122507
980 0.010201 0.015810 300.000000 7.407407
990 0.003584 0.028350 5.000000 5.555555
990 0.002307 0.025090 10.000000 6.250000
990 0.001324 0.025014 50.000000 7.462687
990 0.002681 0.023526 100.000000 8.403361
990 0.000879 0.021715 150.000000 8.196721
990 0.011827 0.019803 200.000000 7.352941
990 0.012219 0.013758 250.000000 7.142857
990 0.010203 0.010659 300.000000 7.444169
1000 0.001686 0.037569 5.000000 5.555555
1000 0.002081 0.037007 10.000000 5.882353
1000 0.001192 0.036196 50.000000 7.936508
1000 0.002000 0.035204 100.000000 8.620689
1000 0.002209 0.033086 150.000000 7.731959
1000 0.011495 0.029222 200.000000 7.380074
1000 0.012196 0.020398 250.000000 7.204611
1000 0.010196 0.014409 300.000000 7.518797
1010 0.008785 0.031662 5.000000 5.555555
1010 0.010341 0.037532 10.000000 5.882353
1010 0.001142 0.036056 50.000000 8.333333
1010 0.001569 0.035086 100.000000 8.849558
1010 0.006563 0.033776 150.000000 7.462687
1010 0.011565 0.028896 200.000000 7.407407
1010 0.012121 0.020211 250.000000 7.267442
1010 0.010148 0.014339 300.000000 7.594937
1020 0.011628 0.106573 5.000000 5.555555
1020 0.007985 0.099095 10.000000 6.666667
1020 0.001093 0.093841 50.000000 8.771930
1020 0.001106 0.092188 100.000000 9.090909
1020 0.009704 0.090684 150.000000 7.425743
1020 0.012809 0.070921 200.000000 7.352941
1020 0.012106 0.043090 250.000000 7.331378
1020 0.010131 0.025264 300.000000 7.672634
1030 0.003497 0.192475 5.000000 6.250000
1030 0.005068 0.172886 10.000000 7.692307
1030 0.002048 0.164741 50.000000 9.259259
1030 0.001063 0.164398 100.000000 9.174312
1030 0.012771 0.156455 150.000000 7.389163
1030 0.015033 0.113017 200.000000 7.220217
1030 0.012135 0.062833 250.000000 7.374631
1030 0.010124 0.033883 300.000000 7.731959
1040 0.009765 0.170581 5.000000 7.142857
1040 0.006557 0.160552 10.000000 8.333333
1040 0.000373 0.152250 50.000000 9.433962
1040 0.000835 0.151447 100.000000 9.090909
1040 0.014725 0.133504 150.000000 7.317073
1040 0.015414 0.086672 200.000000 7.092198
1040 0.012268 0.045471 250.000000 7.396450
1040 0.010198 0.026336 300.000000 7.772021
1050 0.004913 0.085136 5.000000 8.333333
1050 0.002378 0.085956 10.000000 9.090909
1050 0.003570 0.084385 50.000000 9.433962
1050 0.000483 0.082854 100.000000 8.849558
1050 0.015743 0.065895 150.000000 7.281553
1050 0.015397 0.038356 200.000000 7.042253
1050 0.012339 0.020474 250.000000 7.396450
1050 0.010226 0.016063 300.000000 7.792208
1060 0.002575 0.078841 5.000000 7.142857
1060 0.002977 0.069378 10.000000 8.333333
1060 0.003367 0.065353 50.000000 9.259259
1060 0.001650 0.062569 100.000000 7.874016
1060 0.015417 0.041418 150.000000 7.211538
1060 0.015465 0.021677 200.000000 7.017544
1060 0.012403 0.014838 250.000000 7.396450
1060 0.010307 0.017382 300.000000 7.812500
1070 0.005532 0.042556 5.000000 7.142857
1070 0.002625 0.039624 10.000000 8.333333
1070 0.002480 0.036837 50.000000 9.090909
1070 0.011400 0.034146 100.000000 6.944445
1070 0.015804 0.019558 150.000000 7.042253
1070 0.015396 0.014250 200.000000 6.993007
1070 0.012368 0.013805 250.000000 7.418397
1070 0.010323 0.015319 300.000000 7.832898
1080 0.006911 0.055121 5.000000 7.142857
1080 0.007642 0.051389 10.000000 8.333333
1080 0.002411 0.048848 50.000000 8.928572
1080 0.018897 0.045785 100.000000 6.666667
1080 0.019818 0.027569 150.000000 6.756757
1080 0.015314 0.017340 200.000000 6.993007
1080 0.012290 0.014882 250.000000 7.440476
1080 0.010262 0.015939 300.000000 7.874016
1090 0.013755 0.132986 5.000000 7.142857
1090 0.013598 0.123148 10.000000 8.333333
1090 0.001661 0.115882 50.000000 8.620689
1090 0.021926 0.100529 100.000000 6.535948
1090 0.020460 0.061058 150.000000 6.550218
1090 0.015270 0.031735 200.000000 6.993007
1090 0.012205 0.029209 250.000000 7.462687
1090 0.010210 0.036253 300.000000 7.915567
1100 0.010327 0.272215 5.000000 7.142857
1100 0.004793 0.247983 10.000000 8.333333
1100 0.003137 0.236345 50.000000 8.333333
1100 0.022347 0.182826 100.000000 6.493506
1100 0.020425 0.101723 150.000000 6.465517
1100 0.015334 0.057500 200.000000 6.993007
1100 0.012178 0.068475 250.000000 7.507507
1100 0.010222 0.088636 300.000000 7.957560
1110 0.013379 0.298087 5.000000 7.142857
1110 0.011392 0.273001 10.000000 8.333333
1110 0.001969 0.267757 50.000000 7.142857
1110 0.021770 0.175377 100.000000 6.451613
1110 0.020604 0.087961 150.000000 6.437768
1110 0.015464 0.072432 200.000000 7.017544
1110 0.012363 0.098237 250.000000 7.530120
1110 0.010230 0.121552 300.000000 7.978724
1120 0.004826 0.179522 5.000000 7.142857
1120 0.002645 0.176150 10.000000 7.692307
1120 0.014252 0.166170 50.000000 5.681818
1120 0.022438 0.084214 100.000000 6.329114
1120 0.020750 0.053135 150.000000 6.437768
1120 0.015595 0.064996 200.000000 7.042253
1120 0.012518 0.081446 250.000000 7.575758
1120 0.010318 0.094147 300.000000 7.978724
1130 0.002250 0.154783 5.000000 6.250000
1130 0.001338 0.143090 10.000000 7.142857
1130 0.030697 0.119659 50.000000 5.319149
1130 0.026905 0.054028 100.000000 6.097561
1130 0.020774 0.053062 150.000000 6.465517
1130 0.015635 0.067394 200.000000 7.092198
1130 0.012546 0.079376 250.000000 7.621951
1130 0.010439 0.087937 300.000000 7.936508
1140 0.006677 0.158547 5.000000 6.250000
1140 0.005937 0.147174 10.000000 7.142857
1140 0.041458 0.103533 50.000000 5.208333
1140 0.031231 0.053830 100.000000 5.847953
1140 0.020802 0.065746 150.000000 6.493506
1140 0.015609 0.081798 200.000000 7.142857
1140 0.012522 0.093074 250.000000 7.692307
1140 0.010408 0.101131 300.000000 7.874016
1150 0.003019 0.115177 5.000000 6.250000
1150 0.002190 0.110886 10.000000 6.250000
1150 0.046229 0.050911 50.000000 5.208333
1150 0.031305 0.056663 100.000000 5.747127
1150 0.020890 0.067633 150.000000 6.550218
1150 0.015612 0.075973 200.000000 7.220217
1150 0.012520 0.081612 250.000000 7.763975
1150 0.010336 0.085285 300.000000 7.518797
1160 0.007057 0.096760 5.000000 4.545455
1160 0.010625 0.091959 10.000000 4.166667
1160 0.047737 0.049315 50.000000 5.263158
1160 0.031335 0.063964 100.000000 5.780347
1160 0.020907 0.069472 150.000000 6.607930
1160 0.015587 0.074175 200.000000 7.299270
1160 0.012555 0.077320 250.000000 7.861635
1160 0.010386 0.079941 300.000000 7.371007
1170 0.017873 0.118036 5.000000 3.333333
1170 0.045254 0.113556 10.000000 3.225806
1170 0.046609 0.050629 50.000000 5.494505
1170 0.031024 0.063804 100.000000 5.917160
1170 0.020709 0.076822 150.000000 6.756757
1170 0.015510 0.085929 200.000000 7.434944
1170 0.012395 0.091569 250.000000 7.987220
1170 0.010387 0.095885 300.000000 7.407407
1180 0.055909 0.178771 5.000000 2.777778
1180 0.079882 0.165956 10.000000 3.333333
1180 0.044929 0.084309 50.000000 5.813953
1180 0.031052 0.097061 100.000000 6.134969
1180 0.020736 0.116611 150.000000 6.944445
1180 0.015526 0.129841 200.000000 7.633588
1180 0.012350 0.139199 250.000000 8.143323
1180 0.010437 0.145654 300.000000 7.500000
1190 0.100472 0.283328 5.000000 3.125000
1190 0.100868 0.251374 10.000000 3.846154
1190 0.042716 0.144005 50.000000 6.250000
1190 0.030915 0.150988 100.000000 6.369427
1190 0.020647 0.180070 150.000000 7.177033
1190 0.015515 0.201087 200.000000 7.843137
1190 0.012276 0.215615 250.000000 8.333333
1190 0.010415 0.226281 300.000000 7.614213
1200 0.113382 0.556706 5.000000 3.846154
1200 0.102065 0.503462 10.000000 4.545455
1200 0.037672 0.326904 50.000000 6.756757
1200 0.030184 0.291227 100.000000 6.666667
1200 0.020123 0.346064 150.000000 7.425743
1200 0.015184 0.388388 200.000000 8.064516
1200 0.011913 0.418117 250.000000 8.503402
1200 0.010113 0.437439 300.000000 7.751938
1210 0.103915 0.945606 5.000000 4.545455
1210 0.093001 0.849726 10.000000 5.263158
1210 0.030120 0.618742 50.000000 7.042253
1210 0.028537 0.516343 100.000000 6.896552
1210 0.018998 0.605991 150.000000 7.653061
1210 0.014310 0.677731 200.000000 8.264462
1210 0.011233 0.725064 250.000000 8.650519
1210 0.009521 0.758641 300.000000 7.853403
1220 0.083464 1.162499 5.000000 5.555555
1220 0.077994 1.130743 10.000000 5.882353
1220 0.026945 0.896619 50.000000 7.042253
1220 0.025812 0.702691 100.000000 7.142857
1220 0.017120 0.833845 150.000000 7.853403
1220 0.012891 0.930339 200.000000 8.438819
1220 0.010356 0.987128 250.000000 8.741259
1220 0.008553 1.033138 300.000000 7.936508
1230 0.059246 1.463906 5.000000 5.555555
1230 0.043416 1.269166 10.000000 6.666667
1230 0.034978 1.049627 50.000000 6.666667
1230 0.022095 0.801194 100.000000 7.299270
1230 0.014544 0.955472 150.000000 8.021390
1230 0.010862 1.058334 200.000000 8.620689
1230 0.009166 1.122872 250.000000 8.771930
1230 0.007203 1.170466 300.000000 8.021390
1240 0.033959 1.414822 5.000000 6.250000
1240 0.021712 1.322392 10.000000 7.142857
1240 0.037563 0.963706 50.000000 6.410256
1240 0.019575 0.834638 100.000000 7.407407
1240 0.012666 0.994831 150.000000 8.152174
1240 0.009437 1.088211 200.000000 8.771930
1240 0.007884 1.146995 250.000000 8.620689
1240 0.006259 1.191840 300.000000 8.086253
1250 0.004611 1.323607 5.000000 7.142857
1250 0.002853 1.331555 10.000000 7.692307
1250 0.035110 0.819247 50.000000 6.329114
1250 0.018054 0.883137 100.000000 7.462687
1250 0.011723 1.022015 150.000000 8.287292
1250 0.008594 1.105078 200.000000 8.888889
1250 0.006889 1.154680 250.000000 8.038586
1250 0.005591 1.186539 300.000000 8.152174
1260 0.013407 1.557099 5.000000 6.250000
1260 0.008284 1.380240 10.000000 7.142857
1260 0.035656 0.775474 50.000000 6.329114
1260 0.017638 0.999454 100.000000 7.575758
1260 0.011988 1.122935 150.000000 8.379889
1260 0.008478 1.183599 200.000000 8.968610
1260 0.006974 1.218941 250.000000 7.936508
1260 0.005702 1.240370 300.000000 8.196721
1270 0.004330 1.417938 5.000000 5.555555
1270 0.022614 1.338302 10.000000 5.555555
1270 0.037148 0.941330 50.000000 6.410256
1270 0.018309 1.162066 100.000000 7.692307
1270 0.012458 1.241302 150.000000 8.522727
1270 0.008730 1.277125 200.000000 9.049774
1270 0.007149 1.301059 250.000000 7.936508
1270 0.005929 1.313720 300.000000 8.241758
1280 0.070042 1.294642 5.000000 4.545455
1280 0.104467 1.030323 10.000000 4.761905
1280 0.036216 1.129623 50.000000 6.666667
1280 0.017853 1.267131 100.000000 7.936508
1280 0.012019 1.315206 150.000000 8.720930
1280 0.008646 1.328455 200.000000 9.132421
1280 0.007017 1.338930 250.000000 8.012820
1280 0.005746 1.342634 300.000000 8.333333
1290 0.154330 0.907112 5.000000 4.166667
1290 0.131062 0.831048 10.000000 4.545455
1290 0.030181 1.173164 50.000000 7.042253
1290 0.014798 1.233037 100.000000 8.264462
1290 0.009908 1.257949 150.000000 8.982036
1290 0.007567 1.250907 200.000000 9.259259
1290 0.005795 1.254485 250.000000 8.116883
1290 0.004679 1.247066 300.000000 8.450705
1300 0.126587 0.547679 5.000000 4.166667
1300 0.079903 0.604167 10.000000 5.000000
1300 0.017061 0.803600 50.000000 7.575758
1300 0.008153 0.827930 100.000000 8.620689
1300 0.005337 0.830013 150.000000 9.316771
1300 0.004638 0.817055 200.000000 9.389671
1300 0.003077 0.805744 250.000000 8.278146
1300 0.002401 0.792003 300.000000 8.595988
1310 0.040836 0.170954 5.000000 5.000000
1310 0.023258 0.222689 10.000000 5.882353
1310 0.005317 0.300680 50.000000 8.196721
1310 0.002145 0.299599 100.000000 9.090909
1310 0.001303 0.297134 150.000000 9.677420
1310 0.001571 0.283280 200.000000 9.478673
1310 0.000671 0.262211 250.000000 8.417508
1310 0.000361 0.241675 300.000000 8.720930
1320 0.002683 0.125067 5.000000 6.250000
1320 0.002542 0.139144 10.000000 6.666667
1320 0.001455 0.164623 50.000000 8.620689
1320 0.000244 0.144621 100.000000 9.433962
1320 0.000241 0.138264 150.000000 10.000000
1320 0.000256 0.126262 200.000000 9.049774
1320 0.000264 0.101240 250.000000 8.532423
1320 0.000462 0.080031 300.000000 8.849558
1330 0.002867 0.141025 5.000000 7.142857
1330 0.003334 0.161358 10.000000 7.692307
1330 0.001008 0.167430 50.000000 9.090909
1330 0.000296 0.141548 100.000000 9.708738
1330 0.000401 0.130293 150.000000 10.204082
1330 0.000305 0.118935 200.000000 8.510638
1330 0.000350 0.096314 250.000000 8.620689
1330 0.000569 0.076564 300.000000 8.928572
1340 0.000781 0.175823 5.000000 7.142857
1340 0.000775 0.157282 10.000000 8.333333
1340 0.000779 0.156592 50.000000 9.259259
1340 0.000163 0.135695 100.000000 9.900990
1340 0.000761 0.118755 150.000000 10.344828
1340 0.000548 0.110709 200.000000 8.403361
1340 0.000448 0.094964 250.000000 8.680555
1340 0.000718 0.083577 300.000000 8.982036
1350 0.001432 0.166055 5.000000 7.142857
1350 0.000685 0.154656 10.000000 8.333333
1350 0.000829 0.145111 50.000000 9.433962
1350 0.000241 0.132799 100.000000 10.101010
1350 0.000839 0.108572 150.000000 10.344828
1350 0.000575 0.100886 200.000000 8.368201
1350 0.000477 0.086822 250.000000 8.710801
1350 0.000695 0.075228 300.000000 9.036144
1360 0.000684 0.171494 5.000000 7.142857
1360 0.000983 0.158224 10.000000 8.333333
1360 0.000770 0.133804 50.000000 9.615385
1360 0.000471 0.128237 100.000000 10.204082
1360 0.000171 0.104837 150.000000 10.204082
1360 0.000524 0.094223 200.000000 8.403361
1360 0.000552 0.082255 250.000000 8.771930
1360 0.000739 0.074994 300.000000 9.063444
1370 0.003884 0.187397 5.000000 7.142857
1370 0.002857 0.181327 10.000000 8.333333
1370 0.001027 0.123360 50.000000 9.803922
1370 0.000736 0.119891 100.000000 10.526316
1370 0.000476 0.107656 150.000000 9.868421
1370 0.000557 0.090759 200.000000 8.438819
1370 0.000668 0.081729 250.000000 8.802817
1370 0.000743 0.081865 300.000000 9.118541
1380 0.003149 0.181044 5.000000 7.142857
1380 0.005488 0.149414 10.000000 8.333333
1380 0.001113 0.105532 50.000000 10.204082
1380 0.000985 0.106968 100.000000 10.638298
1380 0.000791 0.100811 150.000000 8.474576
1380 0.000705 0.092726 200.000000 8.474576
1380 0.000875 0.093660 250.000000 8.833922
1380 0.000823 0.107663 300.000000 9.174312
1390 0.002800 0.101845 5.000000 8.333333
1390 0.001968 0.099158 10.000000 9.090909
1390 0.000729 0.105374 50.000000 10.416667
1390 0.000822 0.095156 100.000000 10.752688
1390 0.000600 0.088952 150.000000 8.108109
1390 0.000431 0.069674 200.000000 8.510638
1390 0.000752 0.058687 250.000000 8.896797
1390 0.000666 0.068200 300.000000 9.202454
1400 0.001652 0.094155 5.000000 8.333333
1400 0.000661 0.097260 10.000000 9.090909
1400 0.000739 0.121396 50.000000 10.416667
1400 0.000920 0.085423 100.000000 10.752688
1400 0.000523 0.079244 150.000000 8.021390
1400 0.000371 0.058787 200.000000 8.510638
1400 0.000681 0.042451 250.000000 8.896797
1400 0.000636 0.055541 300.000000 9.230769
1410 0.000403 0.105247 5.000000 8.333333
1410 0.001168 0.104473 10.000000 9.090909
1410 0.000327 0.127930 50.000000 10.638298
1410 0.000562 0.089678 100.000000 10.309278
1410 0.000443 0.076849 150.000000 7.978724
1410 0.000492 0.058447 200.000000 8.510638
1410 0.000728 0.045862 250.000000 8.928572
1410 0.000628 0.063671 300.000000 9.202454
1420 0.004270 0.106459 5.000000 8.333333
1420 0.003628 0.126658 10.000000 9.090909
1420 0.000527 0.125832 50.000000 10.869565
1420 0.000978 0.103581 100.000000 9.615385
1420 0.000439 0.071636 150.000000 7.978724
1420 0.000594 0.050760 200.000000 8.510638
1420 0.000696 0.042011 250.000000 8.928572
1420 0.000637 0.063462 300.000000 9.174312
1430 0.004975 0.175963 5.000000 8.333333
1430 0.003700 0.181232 10.000000 9.090909
1430 0.001476 0.112767 50.000000 10.869565
1430 0.000814 0.099466 100.000000 7.575758
1430 0.000756 0.077764 150.000000 7.978724
1430 0.000931 0.070349 200.000000 8.510638
1430 0.000854 0.082862 250.000000 8.960573
1430 0.001069 0.107089 300.000000 9.118541
1440 0.004343 0.158676 5.000000 8.333333
1440 0.003580 0.130774 10.000000 10.000000
1440 0.002564 0.091335 50.000000 10.869565
1440 0.001244 0.088754 100.000000 7.194244
1440 0.000816 0.086967 150.000000 7.936508
1440 0.001125 0.097597 200.000000 8.547009
1440 0.000911 0.124543 250.000000 8.960573
1440 0.001037 0.155287 300.000000 9.036144
1450 0.002669 0.110704 5.000000 8.333333
1450 0.003056 0.091445 10.000000 10.000000
1450 0.001838 0.058972 50.000000 10.416667
1450 0.000822 0.058471 100.000000 7.042253
1450 0.000658 0.054315 150.000000 7.936508
1450 0.000941 0.070298 200.000000 8.547009
1450 0.000782 0.100932 250.000000 8.960573
1450 0.000235 0.126839 300.000000 8.849558
1460 0.002772 0.065579 5.000000 8.333333
1460 0.001711 0.054913 10.000000 10.000000
1460 0.002661 0.056047 50.000000 9.259259
1460 0.000494 0.036867 100.000000 6.993007
1460 0.000620 0.024185 150.000000 7.894737
1460 0.000811 0.052044 200.000000 8.510638
1460 0.000643 0.085872 250.000000 8.896797
1460 0.001873 0.103673 300.000000 8.403361
1470 0.001429 0.046511 5.000000 8.333333
1470 0.002488 0.033966 10.000000 10.000000
1470 0.000839 0.085218 50.000000 6.410256
1470 0.000359 0.034309 100.000000 6.944445
1470 0.000741 0.014485 150.000000 7.894737
1470 0.000741 0.051626 200.000000 8.510638
1470 0.000848 0.086128 250.000000 8.802817
1470 0.005825 0.152001 300.000000 7.874016
1480 0.003220 0.030130 5.000000 8.333333
1480 0.002828 0.023981 10.000000 9.090909
1480 0.001147 0.096465 50.000000 5.376344
1480 0.000234 0.043935 100.000000 6.944445
1480 0.000740 0.007084 150.000000 7.894737
1480 0.000592 0.045779 200.000000 8.510638
1480 0.001019 0.084688 250.000000 8.710801
1480 0.006615 0.212591 300.000000 7.731959
1490 0.003277 0.027881 5.000000 7.142857
1490 0.009906 0.092679 10.000000 7.142857
1490 0.001086 0.112025 50.000000 5.263158
1490 0.000418 0.065473 100.000000 6.944445
1490 0.000660 0.026689 150.000000 7.936508
1490 0.000580 0.042985 200.000000 8.547009
1490 0.000121 0.076519 250.000000 8.620689
1490 0.006595 0.262605 300.000000 7.731959
1500 0.021668 0.259767 5.000000 5.555555
1500 0.015814 0.255173 10.000000 6.250000
1500 0.001266 0.086656 50.000000 5.319149
1500 0.000721 0.048884 100.000000 7.042253
1500 0.001047 0.037962 150.000000 8.021390
1500 0.000863 0.072216 200.000000 8.620689
1500 0.000739 0.093946 250.000000 8.503402
1500 0.006836 0.339728 300.000000 7.792208
1510 0.009519 0.217160 5.000000 5.555555
1510 0.006986 0.178594 10.000000 4.545455
1510 0.003128 0.127462 50.000000 5.494505
1510 0.001953 0.143343 100.000000 7.246377
1510 0.001858 0.179463 150.000000 8.196721
1510 0.001396 0.210119 200.000000 8.733624
1510 0.001497 0.220277 250.000000 8.305648
1510 0.007280 0.485297 300.000000 7.874016
1520 0.012180 0.094736 5.000000 2.941176
1520 0.013883 0.081211 10.000000 2.631579
1520 0.002950 0.133985 50.000000 5.747127
1520 0.002077 0.152048 100.000000 7.462687
1520 0.001762 0.199780 150.000000 8.379889
1520 0.001387 0.231009 200.000000 8.849558
1520 0.004806 0.260370 250.000000 8.012820
1520 0.007338 0.543197 300.000000 7.978724
1530 0.015113 0.051876 5.000000 2.083333
1530 0.007690 0.076127 10.000000 2.777778
1530 0.002075 0.098325 50.000000 6.172840
1530 0.001748 0.112087 100.000000 7.874016
1530 0.001455 0.159876 150.000000 8.720930
1530 0.001295 0.190980 200.000000 9.090909
1530 0.006027 0.239200 250.000000 7.987220
1530 0.007230 0.537874 300.000000 8.108109
1540 0.013804 0.085078 5.000000 2.500000
1540 0.006076 0.080417 10.000000 3.448276
1540 0.001747 0.083298 50.000000 6.849315
1540 0.001646 0.096662 100.000000 8.403361
1540 0.001329 0.144239 150.000000 9.146341
1540 0.001262 0.174412 200.000000 9.433962
1540 0.006945 0.238429 250.000000 8.090615
1540 0.007202 0.530258 300.000000 8.310249
1550 0.008275 0.068362 5.000000 3.571429
1550 0.003900 0.061785 10.000000 4.545455
1550 0.001211 0.046247 50.000000 7.692307
1550 0.001314 0.059533 100.000000 9.009009
1550 0.001083 0.108047 150.000000 9.615385
1550 0.001198 0.139774 200.000000 9.756098
1550 0.007305 0.216329 250.000000 8.250825
1550 0.007120 0.515373 300.000000 8.498584
1560 0.007299 0.076898 5.000000 5.000000
1560 0.003109 0.054276 10.000000 5.882353
1560 0.001072 0.026735 50.000000 8.620689
1560 0.001122 0.035154 100.000000 9.615385
1560 0.000962 0.082465 150.000000 10.067114
1560 0.001261 0.115831 200.000000 10.050251
1560 0.007574 0.216143 250.000000 8.361204
1560 0.007042 0.514501 300.000000 8.670520
1570 0.003857 0.044279 5.000000 6.250000
1570 0.003160 0.049511 10.000000 7.142857
1570 0.000700 0.038639 50.000000 9.259259
1570 0.001257 0.071225 100.000000 10.000000
1570 0.000855 0.119860 150.000000 10.416667
1570 0.001382 0.155129 200.000000 10.256411
1570 0.008072 0.294084 250.000000 8.417508
1570 0.007079 0.575793 300.000000 8.797654
1580 0.004214 0.036361 5.000000 7.142857
1580 0.001723 0.032381 10.000000 8.333333
1580 0.000646 0.011968 50.000000 9.803922
1580 0.001112 0.056758 100.000000 10.416667
1580 0.000715 0.103679 150.000000 10.638298
1580 0.000817 0.141096 200.000000 10.256411
1580 0.008149 0.332286 250.000000 8.474576
1580 0.007043 0.607980 300.000000 8.875740
1590 0.002871 0.012343 5.000000 7.142857
1590 0.001145 0.009915 10.000000 9.090909
1590 0.000500 0.005599 50.000000 10.204082
1590 0.001082 0.065113 100.000000 10.638298
1590 0.000769 0.107499 150.000000 10.791367
1590 0.000765 0.132346 200.000000 10.050251
1590 0.008213 0.399487 250.000000 8.532423
1590 0.006971 0.661581 300.000000 8.928572
1600 0.002104 0.017282 5.000000 8.333333
1600 0.001034 0.014200 10.000000 9.090909
1600 0.000885 0.025793 50.000000 10.416667
1600 0.001269 0.096280 100.000000 10.752688
1600 0.000830 0.132525 150.000000 10.791367
1600 0.001355 0.138164 200.000000 9.433962
1600 0.008315 0.484614 250.000000 8.591065
1600 0.006951 0.742501 300.000000 8.928572
1610 0.005465 0.020572 5.000000 8.333333
1610 0.001719 0.016366 10.000000 9.090909
1610 0.001518 0.044841 50.000000 10.416667
1610 0.001137 0.114891 100.000000 10.752688
1610 0.001082 0.145265 150.000000 10.638298
1610 0.007452 0.204742 200.000000 8.510638
1610 0.008337 0.565582 250.000000 8.620689
1610 0.006969 0.804358 300.000000 8.955224
1620 0.002639 0.011931 5.000000 8.333333
1620 0.001828 0.010186 10.000000 9.090909
1620 0.001869 0.061946 50.000000 10.416667
1620 0.001128 0.121338 100.000000 10.869565
1620 0.001643 0.155292 150.000000 10.489511
1620 0.009793 0.300270 200.000000 8.196721
1620 0.008362 0.648092 250.000000 8.620689
1620 0.006963 0.866804 300.000000 8.955224
1630 0.002257 0.031377 5.000000 8.333333
1630 0.002295 0.034869 10.000000 9.090909
1630 0.001916 0.108044 50.000000 10.638298
1630 0.001025 0.152843 100.000000 10.869565
1630 0.000859 0.185359 150.000000 10.273973
1630 0.010048 0.422213 200.000000 8.130081
1630 0.008323 0.734929 250.000000 8.650519
1630 0.006866 0.947193 300.000000 8.928572
1640 0.003613 0.047285 5.000000 8.333333
1640 0.002969 0.059995 10.000000 9.090909
1640 0.001836 0.125844 50.000000 10.638298
1640 0.001081 0.152525 100.000000 10.869565
1640 0.001592 0.156678 150.000000 9.740260
1640 0.010109 0.508735 200.000000 8.163265
1640 0.008139 0.808268 250.000000 8.650519
1640 0.006851 1.001547 300.000000 8.928572
1650 0.002989 0.094752 5.000000 8.333333
1650 0.002946 0.106864 10.000000 9.090909
1650 0.001223 0.142587 50.000000 10.869565
1650 0.000641 0.156944 100.000000 10.752688
1650 0.005011 0.160370 150.000000 8.670520
1650 0.010136 0.599078 200.000000 8.196721
1650 0.008090 0.882540 250.000000 8.650519
1650 0.007361 1.067979 300.000000 8.875740
1660 0.002053 0.138871 5.000000 8.333333
1660 0.002285 0.145651 10.000000 9.090909
1660 0.000714 0.152621 50.000000 10.869565
1660 0.001095 0.160425 100.000000 10.526316
1660 0.011452 0.260243 150.000000 7.731959
1660 0.010109 0.697003 200.000000 8.196721
1660 0.008103 0.953133 250.000000 8.650519
1660 0.008149 1.124242 300.000000 8.849558
1670 0.000648 0.168138 5.000000 8.333333
1670 0.001262 0.151334 10.000000 10.000000
1670 0.000281 0.161966 50.000000 10.869565
1670 0.001500 0.179311 100.000000 10.204082
1670 0.012787 0.388377 150.000000 7.537688
1670 0.010114 0.786588 200.000000 8.230453
1670 0.008023 1.026193 250.000000 8.650519
1670 0.008874 1.181040 300.000000 8.823529
1680 0.003537 0.181707 5.000000 8.333333
1680 0.002107 0.164476 10.000000 10.000000
1680 0.000386 0.161987 50.000000 10.869565
1680 0.001383 0.176146 100.000000 9.708738
1680 0.013001 0.531608 150.000000 7.500000
1680 0.010003 0.891400 200.000000 8.230453
1680 0.007951 1.110846 250.000000 8.620689
1680 0.009041 1.235452 300.000000 8.823529
1690 0.001503 0.169776 5.000000 8.333333
1690 0.000229 0.156707 10.000000 10.000000
1690 0.000297 0.153549 50.000000 10.638298
1690 0.001482 0.132581 100.000000 8.620689
1690 0.013124 0.665999 150.000000 7.500000
1690 0.009901 0.995192 200.000000 8.196721
1690 0.008249 1.192074 250.000000 8.561644
1690 0.008835 1.285314 300.000000 8.823529
1700 0.002164 0.180498 5.000000 8.333333
1700 0.001419 0.161661 10.000000 10.000000
1700 0.000688 0.160794 50.000000 10.204082
1700 0.012647 0.222365 100.000000 7.042253
1700 0.013263 0.801187 150.000000 7.537688
1700 0.009967 1.099932 200.000000 8.196721
1700 0.009227 1.281224 250.000000 8.503402
1700 0.008746 1.350410 300.000000 8.797654
1710 0.002743 0.196401 5.000000 8.333333
1710 0.001848 0.187055 10.000000 9.090909
1710 0.002684 0.192198 50.000000 9.615385
1710 0.018771 0.435070 100.000000 6.493506
1710 0.013427 0.948762 150.000000 7.537688
1710 0.010057 1.211974 200.000000 8.163265
1710 0.010334 1.359105 250.000000 8.474576
1710 0.008821 1.412176 300.000000 8.771930
1720 0.003729 0.169902 5.000000 8.333333
1720 0.003954 0.172942 10.000000 9.090909
1720 0.001516 0.209024 50.000000 8.928572
1720 0.019453 0.647277 100.000000 6.410256
1720 0.013455 1.091976 150.000000 7.537688
1720 0.009983 1.320513 200.000000 8.130081
1720 0.010842 1.432195 250.000000 8.445946
1720 0.009120 1.466395 300.000000 8.695652
1730 0.003901 0.199390 5.000000 7.142857
1730 0.002321 0.184670 10.000000 8.333333
1730 0.006731 0.164453 50.000000 7.936508
1730 0.019406 0.833897 100.000000 6.451613
1730 0.013094 1.208870 150.000000 7.575758
1730 0.009875 1.408710 200.000000 8.130081
1730 0.010679 1.487503 250.000000 8.474576
1730 0.009908 1.506579 300.000000 8.379889
1740 0.004595 0.187302 5.000000 7.142857
1740 0.005526 0.179740 10.000000 8.333333
1740 0.009244 0.136617 50.000000 6.410256
1740 0.019888 1.008651 100.000000 6.535948
1740 0.013238 1.331724 150.000000 7.614213
1740 0.010679 1.500115 200.000000 8.130081
1740 0.010549 1.548789 250.000000 8.503402
1740 0.010377 1.503199 300.000000 8.021390
1750 0.010537 0.252888 5.000000 7.142857
1750 0.009286 0.281632 10.000000 7.692307
1750 0.028584 0.337958 50.000000 5.154639
1750 0.019533 1.167397 100.000000 6.622517
1750 0.013071 1.441408 150.000000 7.653061
1750 0.011599 1.580274 200.000000 8.130081
1750 0.010392 1.606080 250.000000 8.532423
1750 0.010269 1.475269 300.000000 7.978724
1760 0.005877 0.275881 5.000000 7.142857
1760 0.009450 0.250456 10.000000 7.142857
1760 0.035000 0.601029 50.000000 4.854369
1760 0.019018 1.301055 100.000000 6.711410
1760 0.012670 1.518536 150.000000 7.731959
1760 0.012447 1.637622 200.000000 8.163265
1760 0.010210 1.649638 250.000000 8.591065
1760 0.010197 1.438946 300.000000 7.978724
1770 0.024636 0.138894 5.000000 6.250000
1770 0.029765 0.177839 10.000000 6.250000
1770 0.036172 0.877895 50.000000 4.901961
1770 0.019049 1.442618 100.000000 6.849315
1770 0.012532 1.617837 150.000000 7.812500
1770 0.012944 1.701514 200.000000 8.230453
1770 0.010385 1.697733 250.000000 8.620689
1770 0.010015 1.407016 300.000000 8.042895
1780 0.037712 0.205385 5.000000 5.000000
1780 0.021575 0.271657 10.000000 5.000000
1780 0.039554 1.250773 50.000000 5.050505
1780 0.020288 1.617156 100.000000 7.042253
1780 0.013458 1.743474 150.000000 7.936508
1780 0.013526 1.771248 200.000000 8.368201
1780 0.011094 1.741277 250.000000 8.591065
1780 0.009855 1.358207 300.000000 8.108109
1790 0.011192 0.225720 5.000000 4.166667
1790 0.064424 0.172938 10.000000 3.846154
1790 0.043593 1.566619 50.000000 5.319149
1790 0.022013 1.787727 100.000000 7.246377
1790 0.014693 1.848940 150.000000 8.108109
1790 0.014120 1.819724 200.000000 8.547009
1790 0.012082 1.756507 250.000000 8.474576
1790 0.009692 1.303234 300.000000 8.219178
1800 0.126772 0.451320 5.000000 3.125000
1800 0.121722 0.858719 10.000000 3.125000
1800 0.043785 1.777502 50.000000 5.681818
1800 0.021995 1.886130 100.000000 7.575758
1800 0.015061 1.921337 150.000000 8.333333
1800 0.014053 1.864819 200.000000 8.733624
1800 0.012402 1.763103 250.000000 8.305648
1800 0.009831 1.283232 300.000000 8.356546
1810 0.154178 0.963524 5.000000 2.777778
1810 0.124866 1.260363 10.000000 2.941176
1810 0.037724 1.842443 50.000000 6.172840
1810 0.018930 1.934468 100.000000 7.936508
1810 0.013349 1.945777 150.000000 8.620689
1810 0.012849 1.901972 200.000000 9.009009
1810 0.012439 1.802537 250.000000 8.333333
1810 0.010268 1.347618 300.000000 8.522727
1820 0.102591 1.123552 5.000000 2.777778
1820 0.105441 1.371694 10.000000 3.225806
1820 0.028693 1.820720 50.000000 6.756757
1820 0.014287 1.863108 100.000000 8.474576
1820 0.010770 1.885795 150.000000 8.982036
1820 0.010867 1.885809 200.000000 9.302325
1820 0.012377 1.802922 250.000000 8.445946
1820 0.010430 1.405560 300.000000 8.720930
1830 0.102834 1.272937 5.000000 3.125000
1830 0.085274 1.548359 10.000000 3.703704
1830 0.022526 1.757007 50.000000 7.575758
1830 0.011230 1.807501 100.000000 9.009009
1830 0.009231 1.818835 150.000000 9.375000
1830 0.009490 1.843387 200.000000 9.615385
1830 0.012421 1.760178 250.000000 8.620689
1830 0.010338 1.405181 300.000000 8.902077
1840 0.097678 1.486234 5.000000 3.846154
1840 0.064624 1.557679 10.000000 4.761905
1840 0.016754 1.719229 50.000000 8.474576
1840 0.008409 1.737812 100.000000 9.615385
1840 0.008110 1.753077 150.000000 9.740260
1840 0.008171 1.781997 200.000000 9.950249
1840 0.012380 1.692711 250.000000 8.802817
1840 0.010098 1.379646 300.000000 9.118541
1850 0.037803 1.534285 5.000000 5.000000
1850 0.030194 1.615373 10.000000 5.882353
1850 0.008334 1.591564 50.000000 9.433962
1850 0.004205 1.582361 100.000000 10.204082
1850 0.006129 1.592805 150.000000 10.135135
1850 0.006162 1.628995 200.000000 10.309278
1850 0.011857 1.544601 250.000000 8.960573
1850 0.009495 1.296006 300.000000 9.287926
1860 0.018977 1.646162 5.000000 6.250000
1860 0.011184 1.521434 10.000000 7.692307
1860 0.004288 1.497813 50.000000 10.416667
1860 0.002129 1.477584 100.000000 10.752688
1860 0.006101 1.502994 150.000000 10.416667
1860 0.005160 1.544440 200.000000 10.526316
1860 0.011378 1.429097 250.000000 9.090909
1860 0.009118 1.222622 300.000000 9.433962
1870 0.002825 1.443539 5.000000 8.333333
1870 0.003233 1.528415 10.000000 9.090909
1870 0.002343 1.432940 50.000000 11.111111
1870 0.000829 1.435892 100.000000 10.869565
1870 0.006692 1.456808 150.000000 10.563380
1870 0.005004 1.499975 200.000000 10.582010
1870 0.011026 1.339941 250.000000 9.157509
1870 0.008937 1.167147 300.000000 9.523809
1880 0.004034 1.640780 5.000000 8.333333
1880 0.003606 1.479382 10.000000 10.000000
1880 0.001151 1.425585 50.000000 11.111111
1880 0.000322 1.406826 100.000000 10.869565
1880 0.006724 1.455866 150.000000 10.563380
1880 0.006156 1.496798 200.000000 10.152285
1880 0.010847 1.276275 250.000000 9.191176
1880 0.008734 1.129953 300.000000 9.554140
1890 0.003330 1.632092 5.000000 8.333333
1890 0.001891 1.465434 10.000000 10.000000
1890 0.000176 1.413852 50.000000 10.869565
1890 0.001365 1.390074 100.000000 10.638298
1890 0.005912 1.448893 150.000000 10.563380
1890 0.011573 1.467332 200.000000 9.049774
1890 0.010522 1.216972 250.000000 9.191176
1890 0.008352 1.099101 300.000000 9.523809
1900 0.002580 1.598685 5.000000 8.333333
1900 0.001854 1.434243 10.000000 10.000000
1900 0.000198 1.403184 50.000000 10.638298
1900 0.004525 1.388760 100.000000 10.416667
1900 0.005596 1.459990 150.000000 10.489511
1900 0.013766 1.398415 200.000000 8.810573
1900 0.010461 1.172624 250.000000 9.191176
1900 0.008068 1.078168 300.000000 9.523809
1910 0.000662 1.560227 5.000000 8.333333
1910 0.001786 1.394295 10.000000 10.000000
1910 0.000270 1.393100 50.000000 10.416667
1910 0.008182 1.407909 100.000000 10.204082
1910 0.005709 1.477463 150.000000 10.344828
1910 0.013622 1.320537 200.000000 8.733624
1910 0.010434 1.133286 250.000000 9.225092
1910 0.007839 1.065682 300.000000 9.523809
1920 0.001884 1.511184 5.000000 8.333333
1920 0.001748 1.502158 10.000000 9.090909
1920 0.000364 1.372522 50.000000 10.416667
1920 0.009528 1.435495 100.000000 10.204082
1920 0.006899 1.504451 150.000000 10.000000
1920 0.013420 1.269275 200.000000 8.733624
1920 0.010461 1.112926 250.000000 9.225092
1920 0.007852 1.067988 300.000000 9.523809
1930 0.002471 1.504622 5.000000 8.333333
1930 0.001736 1.496757 10.000000 9.090909
1930 0.001307 1.377963 50.000000 10.204082
1930 0.009351 1.476758 100.000000 10.204082
1930 0.012790 1.521215 150.000000 8.875740
1930 0.013220 1.227936 200.000000 8.771930
1930 0.010102 1.096443 250.000000 9.259259
1930 0.007853 1.075247 300.000000 9.523809
1940 0.002706 1.471019 5.000000 8.333333
1940 0.002295 1.466512 10.000000 9.090909
1940 0.006154 1.406175 50.000000 9.803922
1940 0.008489 1.503811 100.000000 10.204082
1940 0.017345 1.471577 150.000000 8.333333
1940 0.013131 1.187230 200.000000 8.810573
1940 0.009919 1.086282 250.000000 9.259259
1940 0.007758 1.081290 300.000000 9.523809
1950 0.000840 1.433756 5.000000 8.333333
1950 0.002061 1.421944 10.000000 9.090909
1950 0.012874 1.434643 50.000000 9.615385
1950 0.008275 1.524867 100.000000 10.204082
1950 0.018268 1.389124 150.000000 8.196721
1950 0.013064 1.153980 200.000000 8.849558
1950 0.009555 1.082805 250.000000 9.259259
1950 0.007561 1.088926 300.000000 9.523809
1960 0.003239 1.390965 5.000000 8.333333
1960 0.002504 1.378375 10.000000 9.090909
1960 0.018436 1.492838 50.000000 9.615385
1960 0.009182 1.568314 100.000000 10.101010
1960 0.018089 1.329539 150.000000 8.196721
1960 0.013162 1.138842 200.000000 8.888889
1960 0.009437 1.089932 250.000000 9.293680
1960 0.007585 1.106245 300.000000 9.493670
1970 0.008225 1.630204 5.000000 7.142857
1970 0.011867 1.501278 10.000000 8.333333
1970 0.019633 1.564011 50.000000 9.803922
1970 0.011755 1.623775 100.000000 9.433962
1970 0.018006 1.283307 150.000000 8.287292
1970 0.013101 1.126093 200.000000 8.968610
1970 0.009491 1.103072 250.000000 9.328359
1970 0.007631 1.120828 300.000000 9.463722
1980 0.023324 1.611262 5.000000 7.142857
1980 0.025740 1.504496 10.000000 8.333333
1980 0.016358 1.590394 50.000000 10.000000
1980 0.020512 1.585346 100.000000 8.000000
1980 0.017158 1.226271 150.000000 8.333333
1980 0.012274 1.111786 200.000000 9.009009
1980 0.009129 1.110967 250.000000 9.363296
1980 0.007340 1.133993 300.000000 9.287926
1990 0.036918 1.604407 5.000000 7.142857
1990 0.036106 1.516503 10.000000 8.333333
1990 0.010908 1.519727 50.000000 10.204082
1990 0.024202 1.419533 100.000000 7.633588
1990 0.016084 1.142053 150.000000 8.426967
1990 0.011259 1.080046 200.000000 9.049774
1990 0.008319 1.096146 250.000000 9.398497
1990 0.008299 1.115837 300.000000 7.109005
2000 0.033058 1.275361 5.000000 8.333333
2000 0.028332 1.309413 10.000000 9.090909
2000 0.004450 1.313294 50.000000 10.416667
2000 0.023227 1.164003 100.000000 7.518797
2000 0.014407 1.007470 150.000000 8.522727
2000 0.009586 0.986848 200.000000 9.132421
2000 0.007034 1.017056 250.000000 9.433962
2000 0.010033 1.007958 300.000000 6.976744
2010 0.009323 1.181576 5.000000 8.333333
2010 0.005476 1.202329 10.000000 9.090909
2010 0.000477 1.093058 50.000000 10.204082
2010 0.020637 0.926527 100.000000 7.575758
2010 0.012871 0.863440 150.000000 8.620689
2010 0.008008 0.880772 200.000000 9.132421
2010 0.005960 0.906580 250.000000 9.433962
2010 0.009997 0.860478 300.000000 6.944445
2020 0.004808 1.180247 5.000000 8.333333
2020 0.006524 1.055672 10.000000 10.000000
2020 0.003947 1.032989 50.000000 8.928572
2020 0.019550 0.853970 100.000000 7.575758
2020 0.012246 0.830793 150.000000 8.620689
2020 0.007671 0.854099 200.000000 9.174312
2020 0.005700 0.885000 250.000000 9.328359
2020 0.009914 0.796436 300.000000 6.944445
2030 0.007283 1.201540 5.000000 8.333333
2030 0.004249 1.185469 10.000000 9.090909
2030 0.029815 1.079819 50.000000 6.329114
2030 0.019444 0.870271 100.000000 7.633588
2030 0.012012 0.872632 150.000000 8.620689
2030 0.007925 0.906837 200.000000 9.132421
2030 0.005877 0.932386 250.000000 9.025270
2030 0.010028 0.795624 300.000000 6.944445
2040 0.001325 1.180523 5.000000 8.333333
2040 0.001081 1.160826 10.000000 9.090909
2040 0.042088 1.025917 50.000000 5.882353
2040 0.019792 0.890091 100.000000 7.692307
2040 0.011900 0.904045 150.000000 8.670520
2040 0.007912 0.944502 200.000000 9.132421
2040 0.009722 0.958518 250.000000 6.596306
2040 0.010204 0.788394 300.000000 6.944445
2050 0.009790 1.236330 5.000000 7.142857
2050 0.010463 1.131239 10.000000 7.692307
2050 0.042894 0.949499 50.000000 5.813953
2050 0.019773 0.911496 100.000000 7.751938
2050 0.011274 0.935289 150.000000 8.670520
2050 0.007805 0.967060 200.000000 9.132421
2050 0.012071 0.939956 250.000000 6.493506
2050 0.010168 0.773046 300.000000 6.960557
2060 0.016666 1.091030 5.000000 5.555555
2060 0.032132 1.087440 10.000000 5.263158
2060 0.040662 0.893750 50.000000 5.952381
2060 0.019157 0.896456 100.000000 7.936508
2060 0.010539 0.918477 150.000000 8.823529
2060 0.007322 0.948083 200.000000 9.174312
2060 0.011991 0.881979 250.000000 6.510417
2060 0.010066 0.736895 300.000000 6.993007
2070 0.061496 1.005280 5.000000 4.166667
2070 0.093804 1.014116 10.000000 3.448276
2070 0.038007 0.863133 50.000000 6.250000
2070 0.017918 0.864120 100.000000 8.196721
2070 0.009747 0.878876 150.000000 9.036144
2070 0.006794 0.897556 200.000000 9.302325
2070 0.011805 0.812148 250.000000 6.578948
2070 0.009907 0.687176 300.000000 7.058824
2080 0.125795 0.815616 5.000000 2.777778
2080 0.115532 0.827337 10.000000 3.225806
2080 0.032418 0.720172 50.000000 6.756757
2080 0.014778 0.715767 100.000000 8.620689
2080 0.007970 0.723317 150.000000 9.375000
2080 0.005451 0.733636 200.000000 9.478673
2080 0.011273 0.654429 250.000000 6.684492
2080 0.009444 0.561713 300.000000 7.142857
2090 0.133104 0.538925 5.000000 2.941176
2090 0.099645 0.510970 10.000000 3.846154
2090 0.025399 0.456465 50.000000 7.575758
2090 0.011185 0.453428 100.000000 9.259259
2090 0.005636 0.459496 150.000000 9.803922
2090 0.003753 0.460459 200.000000 9.756098
2090 0.010347 0.409009 250.000000 6.811989
2090 0.008657 0.355736 300.000000 7.263923
2100 0.094106 0.107166 5.000000 3.846154
2100 0.077221 0.097979 10.000000 5.000000
2100 0.016749 0.093055 50.000000 8.474576
2100 0.006812 0.089269 100.000000 9.900990
2100 0.002879 0.087886 150.000000 10.273973
2100 0.001636 0.084945 200.000000 9.950249
2100 0.009102 0.073148 250.000000 6.963789
2100 0.007599 0.064359 300.000000 7.389163
2110 0.064067 0.321400 5.000000 5.555555
2110 0.057522 0.326581 10.000000 6.250000
2110 0.008544 0.293081 50.000000 9.615385
2110 0.002586 0.296934 100.000000 10.526316
2110 0.000296 0.301598 150.000000 10.714286
2110 0.000592 0.305276 200.000000 9.950249
2110 0.007809 0.270991 250.000000 7.082153
2110 0.006423 0.241146 300.000000 7.500000
2120 0.040282 0.791932 5.000000 6.250000
2120 0.021790 0.706981 10.000000 7.692307
2120 0.000542 0.686530 50.000000 10.416667
2120 0.001905 0.686971 100.000000 10.989011
2120 0.002803 0.691000 150.000000 11.029411
2120 0.000731 0.693143 200.000000 6.849315
2120 0.006476 0.603890 250.000000 7.163324
2120 0.005272 0.542353 300.000000 7.575758
2130 0.002713 1.036207 5.000000 7.142857
2130 0.003101 0.888814 10.000000 9.090909
2130 0.004195 0.886360 50.000000 11.111111
2130 0.004684 0.891407 100.000000 11.235955
2130 0.004464 0.886541 150.000000 11.194030
2130 0.005144 0.877119 200.000000 6.688963
2130 0.005641 0.760217 250.000000 7.204611
2130 0.004648 0.693706 300.000000 7.594937
2140 0.007715 0.961329 5.000000 8.333333
2140 0.006775 0.880815 10.000000 10.000000
2140 0.003655 0.875600 50.000000 11.363636
2140 0.005270 0.870134 100.000000 11.363636
2140 0.004449 0.864472 150.000000 11.194030
2140 0.006974 0.826852 200.000000 6.644518
2140 0.005727 0.719180 250.000000 7.225433
2140 0.004727 0.662087 300.000000 7.614213
2150 0.011529 0.941442 5.000000 8.333333
2150 0.009566 0.852109 10.000000 10.000000
2150 0.002760 0.808818 50.000000 11.363636
2150 0.004854 0.801435 100.000000 11.363636
2150 0.004063 0.800258 150.000000 10.948905
2150 0.007414 0.731409 200.000000 6.622517
2150 0.006038 0.637706 250.000000 7.204611
2150 0.005023 0.590416 300.000000 7.614213
2160 0.003139 0.836656 5.000000 8.333333
2160 0.001643 0.753092 10.000000 10.000000
2160 0.003154 0.707925 50.000000 11.363636
2160 0.004149 0.713725 100.000000 11.235955
2160 0.003616 0.714914 150.000000 10.135135
2160 0.007946 0.617439 200.000000 6.622517
2160 0.006263 0.542055 250.000000 7.163324
2160 0.005334 0.504851 300.000000 7.594937
2170 0.002053 0.832312 5.000000 8.333333
2170 0.001546 0.749156 10.000000 10.000000
2170 0.004593 0.711039 50.000000 11.111111
2170 0.004514 0.708317 100.000000 11.111111
2170 0.005408 0.705641 150.000000 5.952381
2170 0.008048 0.584611 200.000000 6.600660
2170 0.006247 0.522911 250.000000 7.122507
2170 0.005280 0.492727 300.000000 7.575758
2180 0.002162 0.813569 5.000000 8.333333
2180 0.001239 0.725454 10.000000 10.000000
2180 0.006460 0.696719 50.000000 11.111111
2180 0.004764 0.707377 100.000000 10.869565
2180 0.010437 0.667610 150.000000 5.791506
2180 0.008098 0.550027 200.000000 6.578948
2180 0.006392 0.498754 250.000000 7.102273
2180 0.005331 0.475053 300.000000 7.537688
2190 0.014732 0.781049 5.000000 8.333333
2190 0.012067 0.705663 10.000000 10.000000
2190 0.007309 0.709103 50.000000 10.869565
2190 0.004900 0.710284 100.000000 10.526316
2190 0.010579 0.625818 150.000000 5.769231
2190 0.008089 0.524466 200.000000 6.557377
2190 0.006450 0.483429 250.000000 7.102273
2190 0.005369 0.465848 300.000000 7.518797
2200 0.007043 0.647086 5.000000 8.333333
2200 0.005079 0.585088 10.000000 10.000000
2200 0.005224 0.585530 50.000000 10.869565
2200 0.003776 0.585655 100.000000 9.900990
2200 0.011380 0.487160 150.000000 5.769231
2200 0.008522 0.416805 200.000000 6.535948
2200 0.006907 0.390612 250.000000 7.102273
2200 0.005662 0.380812 300.000000 7.518797
2210 0.011986 0.587913 5.000000 8.333333
2210 0.008540 0.532621 10.000000 10.000000
2210 0.004856 0.541574 50.000000 10.638298
2210 0.004365 0.535267 100.000000 4.901961
2210 0.011793 0.413439 150.000000 5.769231
2210 0.008625 0.359821 200.000000 6.514658
2210 0.007021 0.341849 250.000000 7.082153
2210 0.005820 0.335399 300.000000 7.518797
2220 0.010464 0.496000 5.000000 8.333333
2220 0.007161 0.446775 10.000000 10.000000
2220 0.003827 0.453923 50.000000 10.416667
2220 0.016584 0.424260 100.000000 4.694836
2220 0.012233 0.326416 150.000000 5.769231
2220 0.009125 0.295522 200.000000 6.493506
2220 0.007222 0.286500 250.000000 7.062147
2220 0.006045 0.284762 300.000000 7.481297
2230 0.003571 0.415407 5.000000 8.333333
2230 0.003168 0.412792 10.000000 9.090909
2230 0.002742 0.378785 50.000000 10.204082
2230 0.018824 0.322378 100.000000 4.651163
2230 0.012784 0.254973 150.000000 5.769231
2230 0.009551 0.239569 200.000000 6.493506
2230 0.007689 0.236431 250.000000 7.062147
2230 0.006348 0.238825 300.000000 7.444169
2240 0.001914 0.378666 5.000000 8.333333
2240 0.002614 0.377242 10.000000 9.090909
2240 0.002211 0.353531 50.000000 9.433962
2240 0.019358 0.268394 100.000000 4.651163
2240 0.012978 0.222651 150.000000 5.747127
2240 0.009740 0.215336 200.000000 6.514658
2240 0.007786 0.217177 250.000000 7.062147
2240 0.006567 0.220885 300.000000 7.425743
2250 0.004225 0.349011 5.000000 8.333333
2250 0.004698 0.348067 10.000000 9.090909
2250 0.000881 0.333836 50.000000 7.462687
2250 0.019695 0.228429 100.000000 4.651163
2250 0.012968 0.203629 150.000000 5.725191
2250 0.009887 0.203663 200.000000 6.514658
2250 0.007818 0.209187 250.000000 7.062147
2250 0.006611 0.213934 300.000000 7.425743
2260 0.003770 0.297009 5.000000 8.333333
2260 0.002869 0.296373 10.000000 9.090909
2260 0.028549 0.281709 50.000000 3.030303
2260 0.020075 0.187230 100.000000 4.672897
2260 0.013086 0.178927 150.000000 5.725191
2260 0.009918 0.181612 200.000000 6.514658
2260 0.007894 0.186817 250.000000 7.062147
2260 0.006689 0.191169 300.000000 7.444169
2270 0.002486 0.304727 5.000000 7.142857
2270 0.002691 0.272417 10.000000 8.333333
2270 0.039455 0.219428 50.000000 2.976191
2270 0.020329 0.169465 100.000000 4.672897
2270 0.013401 0.170645 150.000000 5.747127
2270 0.010063 0.177212 200.000000 6.493506
2270 0.007994 0.181199 250.000000 7.042253
2270 0.006736 0.185300 300.000000 7.462687
2280 0.002598 0.251738 5.000000 7.142857
2280 0.000675 0.267424 10.000000 6.666667
2280 0.040351 0.175554 50.000000 2.994012
2280 0.020526 0.159805 100.000000 4.716981
2280 0.013659 0.168967 150.000000 5.769231
2280 0.010249 0.174148 200.000000 6.535948
2280 0.008215 0.178364 250.000000 7.042253
2280 0.006854 0.182036 300.000000 7.481297
2290 0.002463 0.243806 5.000000 5.555555
2290 0.003789 0.250580 10.000000 4.761905
2290 0.040805 0.158011 50.000000 3.048780
2290 0.020565 0.161570 100.000000 4.761905
2290 0.013710 0.169893 150.000000 5.836576
2290 0.010277 0.174972 200.000000 6.578948
2290 0.008306 0.177029 250.000000 7.082153
2290 0.006879 0.179631 300.000000 7.518797
2300 0.006371 0.252222 5.000000 3.333333
2300 0.058100 0.236301 10.000000 0.900901
2300 0.041176 0.163249 50.000000 3.125000
2300 0.020570 0.172270 100.000000 4.854369
2300 0.013864 0.178493 150.000000 5.952381
2300 0.010259 0.182793 200.000000 6.688963
2300 0.008301 0.184619 250.000000 7.163324
2300 0.006786 0.186547 300.000000 7.575758
2310 0.088674 0.220493 5.000000 0.510204
2310 0.125218 0.211476 10.000000 0.900901
2310 0.041321 0.160031 50.000000 3.267974
2310 0.020410 0.168961 100.000000 5.000000
2310 0.013857 0.173217 150.000000 6.097561
2310 0.010279 0.176331 200.000000 6.825939
2310 0.008352 0.177399 250.000000 7.288630
2310 0.006768 0.178303 300.000000 7.692307
2320 0.149037 0.379852 5.000000 0.520833
2320 0.140218 0.338776 10.000000 0.943396
2320 0.038428 0.265115 50.000000 3.424658
2320 0.018993 0.269351 100.000000 5.181347
2320 0.012850 0.271464 150.000000 6.302521
2320 0.009528 0.274796 200.000000 7.017544
2320 0.007725 0.276303 250.000000 7.462687
2320 0.006235 0.277588 300.000000 7.832898
2330 0.167395 0.444669 5.000000 0.568182
2330 0.141269 0.375521 10.000000 1.030928
2330 0.037545 0.304162 50.000000 3.649635
2330 0.018545 0.307069 100.000000 5.434783
2330 0.012550 0.309054 150.000000 6.550218
2330 0.009314 0.312425 200.000000 7.246377
2330 0.007559 0.314159 250.000000 7.668712
2330 0.006073 0.315215 300.000000 8.021390
2340 0.167194 0.441559 5.000000 0.641026
2340 0.141198 0.373598 10.000000 1.149425
2340 0.037538 0.302954 50.000000 3.937008
2340 0.018541 0.306000 100.000000 5.747127
2340 0.012547 0.308020 150.000000 6.849315
2340 0.009312 0.311405 200.000000 7.518797
2340 0.007557 0.313143 250.000000 7.911392
2340 0.006072 0.314206 300.000000 8.241758
2350 0.167154 0.435724 5.000000 0.735294
2350 0.141177 0.370830 10.000000 1.298701
2350 0.037534 0.302729 50.000000 4.273504
2350 0.018539 0.305952 100.000000 6.097561
2350 0.012546 0.308015 150.000000 7.177033
2350 0.009311 0.311417 200.000000 7.812500
2350 0.007556 0.313166 250.000000 8.169934
2350 0.006071 0.314236 300.000000 8.474576
2360 0.167139 0.429888 5.000000 0.862069
2360 0.141173 0.367749 10.000000 1.492537
2360 0.037534 0.302177 50.000000 4.672897
2360 0.018539 0.305628 100.000000 6.493506
2360 0.012546 0.307751 150.000000 7.537688
2360 0.009311 0.311180 200.000000 8.130081
2360 0.007556 0.312942 250.000000 8.445946
2360 0.006071 0.314023 300.000000 8.720930
2370 0.167248 0.427303 5.000000 1.041667
2370 0.141226 0.365970 10.000000 1.754386
2370 0.037543 0.301327 50.000000 5.154639
2370 0.018544 0.304887 100.000000 6.944445
2370 0.012549 0.307042 150.000000 7.936508
2370 0.009314 0.310483 200.000000 8.474576
2370 0.007558 0.312253 250.000000 8.741259
2370 0.006073 0.313339 300.000000 8.982036
2380 0.167305 0.425219 5.000000 1.315789
2380 0.141253 0.364835 10.000000 2.127660
2380 0.037548 0.300791 50.000000 5.747127
2380 0.018547 0.304371 100.000000 7.462687
2380 0.012551 0.306527 150.000000 8.379889
2380 0.009315 0.309966 200.000000 8.849558
2380 0.007559 0.311733 250.000000 9.057971
2380 0.006074 0.312820 300.000000 9.259259
2390 0.167138 0.425198 5.000000 1.785714
2390 0.141152 0.365397 10.000000 2.702703
2390 0.037524 0.301558 50.000000 6.493506
2390 0.018535 0.305077 100.000000 8.064516
2390 0.012543 0.307222 150.000000 8.875740
2390 0.009309 0.310658 200.000000 9.259259
2390 0.007555 0.312429 250.000000 9.398497
2390 0.006070 0.313514 300.000000 9.554140
2400 0.174792 0.463818 5.000000 2.631579
2400 0.143455 0.406810 10.000000 3.571429
2400 0.036900 0.322449 50.000000 7.462687
2400 0.018222 0.324153 100.000000 8.771930
2400 0.012335 0.325754 150.000000 9.433962
2400 0.009153 0.328988 200.000000 9.708738
2400 0.007430 0.330698 250.000000 9.765625
2400 0.005966 0.331679 300.000000 9.868421
2410 0.160798 0.757056 5.000000 3.846154
2410 0.120525 0.648116 10.000000 5.000000
2410 0.030667 0.550357 50.000000 8.474576
2410 0.014967 0.540356 100.000000 9.433962
2410 0.010201 0.539015 150.000000 9.933775
2410 0.007571 0.541419 200.000000 10.101010
2410 0.006164 0.543250 250.000000 10.080646
2410 0.004877 0.544627 300.000000 10.101010
2420 0.097841 1.124442 5.000000 5.555555
2420 0.078049 1.108986 10.000000 6.250000
2420 0.017916 0.961084 50.000000 9.433962
2420 0.008466 0.932982 100.000000 10.000000
2420 0.005807 0.933756 150.000000 10.273973
2420 0.004295 0.933343 200.000000 10.362695
2420 0.003572 0.933107 250.000000 10.330579
2420 0.002626 0.932289 300.000000 10.309278
2430 0.049953 1.538880 5.000000 6.250000
2430 0.029367 1.379035 10.000000 7.692307
2430 0.006319 1.252493 50.000000 10.416667
2430 0.002972 1.249794 100.000000 10.416667
2430 0.001968 1.249973 150.000000 10.563380
2430 0.001453 1.248448 200.000000 10.582010
2430 0.001269 1.249867 250.000000 10.548523
2430 0.000644 1.252999 300.000000 10.452962
2440 0.002076 1.464930 5.000000 8.333333
2440 0.002790 1.531206 10.000000 9.090909
2440 0.000919 1.422421 50.000000 10.638298
2440 0.000289 1.399978 100.000000 10.638298
2440 0.000429 1.404431 150.000000 10.638298
2440 0.000164 1.400932 200.000000 10.582010
2440 0.000228 1.399271 250.000000 10.638298
2440 0.000440 1.405485 300.000000 10.526316
2450 0.003113 1.600766 5.000000 8.333333
2450 0.002174 1.435536 10.000000 10.000000
2450 0.000598 1.404081 50.000000 10.638298
2450 0.000279 1.402900 100.000000 10.638298
2450 0.000127 1.399759 150.000000 10.638298
2450 0.000254 1.394044 200.000000 10.526316
2450 0.000158 1.394087 250.000000 10.593221
2450 0.000515 1.403152 300.000000 10.563380
2460 0.003059 1.566331 5.000000 8.333333
2460 0.002106 1.410063 10.000000 10.000000
2460 0.000484 1.406912 50.000000 10.416667
2460 0.000184 1.406949 100.000000 10.638298
2460 0.000136 1.406155 150.000000 10.638298
2460 0.000172 1.404916 200.000000 10.471204
2460 0.000115 1.400679 250.000000 10.504202
2460 0.000528 1.410931 300.000000 10.600707
2470 0.004668 1.532683 5.000000 8.333333
2470 0.001397 1.527651 10.000000 9.090909
2470 0.001102 1.403294 50.000000 10.204082
2470 0.000221 1.394302 100.000000 10.638298
2470 0.000204 1.398602 150.000000 10.638298
2470 0.000035 1.397497 200.000000 10.526316
2470 0.000407 1.403676 250.000000 10.416667
2470 0.000456 1.412409 300.000000 10.600707
2480 0.001317 1.494183 5.000000 8.333333
2480 0.001134 1.486657 10.000000 9.090909
2480 0.000724 1.399631 50.000000 10.204082
2480 0.000309 1.397757 100.000000 10.526316
2480 0.000246 1.402506 150.000000 10.489511
2480 0.000033 1.401061 200.000000 10.526316
2480 0.000604 1.405547 250.000000 10.416667
2490 0.000962 1.458253 5.000000 8.333333
2490 0.000875 1.451532 10.000000 9.090909
2490 0.000356 1.426100 50.000000 10.204082
2490 0.000196 1.401131 100.000000 10.526316
2490 0.000151 1.403629 150.000000 10.416667
2490 0.000113 1.404695 200.000000 10.526316
2490 0.000714 1.411385 250.000000 10.460251
2500 0.002965 1.424572 5.000000 8.333333
2500 0.003198 1.422174 10.000000 9.090909
2500 0.000223 1.418036 50.000000 10.416667
2500 0.000210 1.408017 100.000000 10.526316
2500 0.000170 1.405662 150.000000 10.344828
2500 0.000083 1.400100 200.000000 10.471204
2500 0.000665 1.413507 250.000000 10.504202
2510 0.006845 1.666307 5.000000 7.142857
2510 0.000871 1.409508 10.000000 9.090909
2510 0.000714 1.391814 50.000000 10.638298
2510 0.000140 1.390167 100.000000 10.638298
2510 0.000314 1.388932 150.000000 10.416667
2510 0.000115 1.385886 200.000000 10.416667
2510 0.000480 1.396180 250.000000 10.593221
2520 0.004828 1.491248 5.000000 8.333333
2520 0.003033 1.510304 10.000000 9.090909
2520 0.000490 1.391870 50.000000 10.638298
2520 0.000127 1.387824 100.000000 10.638298
2520 0.000304 1.388558 150.000000 10.489511
2520 0.000322 1.384839 200.000000 10.416667
2520 0.000362 1.395836 250.000000 10.638298
2530 0.002520 1.597846 5.000000 8.333333
2530 0.002671 1.439656 10.000000 10.000000
2530 0.000550 1.416308 50.000000 10.416667
2530 0.000215 1.394065 100.000000 10.526316
2530 0.000199 1.396797 150.000000 10.563380
2530 0.000691 1.403365 200.000000 10.416667
2540 0.000967 1.582641 5.000000 8.333333
2540 0.001660 1.419787 10.000000 10.000000
2540 0.000287 1.399137 50.000000 10.416667
2540 0.000411 1.409060 100.000000 10.204082
2540 0.000191 1.397689 150.000000 10.489511
2540 0.000856 1.413061 200.000000 10.416667
2550 0.001708 1.512600 5.000000 8.333333
2550 0.001921 1.488895 10.000000 9.090909
2550 0.000591 1.399167 50.000000 10.416667
2550 0.000116 1.414043 100.000000 10.101010
2550 0.000342 1.397611 150.000000 10.344828
2550 0.000867 1.415718 200.000000 10.471204
2560 0.003938 1.423331 5.000000 8.333333
2560 0.003594 1.415409 10.000000 9.090909
2560 0.000351 1.402087 50.000000 10.416667
2560 0.000158 1.404952 100.000000 10.204082
2560 0.000447 1.402884 150.000000 10.204082
2560 0.000701 1.412062 200.000000 10.526316
2570 0.002766 1.439751 5.000000 8.333333
2570 0.005728 1.458982 10.000000 9.090909
2570 0.000494 1.421286 50.000000 10.204082
2570 0.000511 1.413361 100.000000 10.309278
2570 0.000656 1.404696 150.000000 10.273973
2570 0.000549 1.418894 200.000000 10.582010
2580 0.005933 1.489529 5.000000 8.333333
2580 0.003135 1.513367 10.000000 9.090909
2580 0.001410 1.406687 50.000000 10.000000
2580 0.000163 1.395801 100.000000 10.416667
2580 0.001151 1.396621 150.000000 10.344828
2590 0.002565 1.571095 5.000000 8.333333
2590 0.001380 1.411061 10.000000 10.000000
2590 0.000746 1.410948 50.000000 9.803922
2590 0.000289 1.404230 100.000000 10.309278
2590 0.001087 1.424175 150.000000 10.344828
2600 0.002311 1.524499 5.000000 8.333333
2600 0.000666 1.482236 10.000000 9.090909
2600 0.000780 1.423125 50.000000 9.615385
2600 0.000217 1.395990 100.000000 10.101010
2600 0.000917 1.417289 150.000000 10.416667
2610 0.001541 1.594851 5.000000 7.142857
2610 0.002062 1.447918 10.000000 8.333333
2610 0.000564 1.414414 50.000000 9.803922
2610 0.000752 1.399320 100.000000 10.000000
2610 0.000749 1.414451 150.000000 10.489511
2620 0.004880 1.552731 5.000000 7.142857
2620 0.002905 1.424610 10.000000 8.333333
2620 0.000564 1.401311 50.000000 10.204082
2620 0.001201 1.403627 100.000000 10.101010
2630 0.018025 1.602714 5.000000 7.142857
2630 0.007663 1.499896 10.000000 8.333333
2630 0.001284 1.398107 50.000000 10.638298
2630 0.001408 1.422328 100.000000 10.309278
2640 0.006127 1.470081 5.000000 8.333333
2640 0.003567 1.517288 10.000000 9.090909
2640 0.000396 1.407762 50.000000 10.638298
2640 0.001963 1.441620 100.000000 10.526316
2650 0.001795 1.628139 5.000000 8.333333
2650 0.001383 1.471237 10.000000 10.000000
2650 0.001129 1.410348 50.000000 10.204082
2650 0.001630 1.440247 100.000000 10.638298
2660 0.002673 1.614114 5.000000 8.333333
2660 0.001511 1.441291 10.000000 10.000000
2660 0.002154 1.424842 50.000000 9.803922
2660 0.001322 1.441337 100.000000 10.638298
2670 0.002754 1.510278 5.000000 8.333333
2670 0.002708 1.458067 10.000000 9.090909
2670 0.003004 1.419816 50.000000 9.803922
2680 0.003107 1.559781 5.000000 7.142857
2680 0.004209 1.415800 10.000000 8.333333
2680 0.003646 1.432874 50.000000 10.000000
2690 0.006134 1.561460 5.000000 7.142857
2690 0.005379 1.459175 10.000000 8.333333
2690 0.003487 1.474998 50.000000 10.416667
2700 0.005671 1.686999 5.000000 7.142857
2700 0.006172 1.433639 10.000000 9.090909
2700 0.002219 1.463313 50.000000 10.869565
2710 0.005036 1.513708 5.000000 8.333333
2710 0.005754 1.552346 10.000000 9.090909
2710 0.000681 1.451315 50.000000 11.111111
2720 0.004365 1.614476 5.000000 8.333333
2720 0.002306 1.475923 10.000000 10.000000
2730 0.003830 1.697301 5.000000 8.333333
2730 0.001420 1.514119 10.000000 10.000000
2740 0.002861 1.630284 5.000000 8.333333
2740 0.001769 1.453662 10.000000 10.000000
2750 0.007583 1.555031 5.000000 8.333333
2750 0.005150 1.387408 10.000000 10.000000
