0.000000 0.000000 -0.007138 -0.333632
-0.007832 1.689225 -0.005290 1.345464
-0.029694 3.390281 -0.000341 3.050348
-0.070081 5.150463 -0.014354 4.826751
-0.123858 6.989627 -0.052106 6.696174
-0.184475 8.978383 -0.080957 8.716200
-0.253794 11.064230 -0.129177 10.847070
-0.296212 13.335200 -0.173051 13.167240
-0.345120 15.748820 -0.217091 15.608370
-0.368644 18.288060 -0.255547 18.192330
-0.406558 20.990620 -0.323930 20.937620
-0.450732 23.849210 -0.399086 23.807770
-0.505576 26.794890 -0.460879 26.755410
-0.567916 29.817300 -0.529846 29.780500
-0.634186 32.902500 -0.586108 32.888440
-0.704629 36.067260 -0.649518 36.062330
-0.763742 39.276990 -0.724518 39.290010
-0.840559 42.506460 -0.804833 42.524010
-0.944805 45.707290 -0.902285 45.730810
-1.050114 48.934630 -0.989493 48.982140
-1.142897 52.159540 -1.078473 52.209800
-1.248790 55.372460 -1.155496 55.433600
-1.352181 58.600620 -1.231162 58.682840
-1.444555 61.847430 -1.290597 61.928090
-1.528092 65.085270 -1.379160 65.162530
-1.623511 68.349680 -1.460762 68.442240
-1.697570 71.605970 -1.532205 71.710440
-1.784427 74.842930 -1.614717 74.961760
-1.892754 78.044640 -1.714416 78.190250
-2.009246 81.241000 -1.810449 81.382500
-2.118145 84.381460 -1.904711 84.505330
-2.224921 87.410700 -1.996392 87.496760
-2.344772 90.265560 -2.106508 90.311030
-2.486719 92.915770 -2.236647 92.897120
-2.649588 95.352060 -2.374667 95.264070
-2.827593 97.533080 -2.515676 97.352760
-2.992555 99.437370 -2.652140 99.180760
-3.132396 101.119600 -2.756074 100.779500
-3.196722 102.604300 -2.782585 102.166200
-3.182672 103.907400 -2.734054 103.410600
-3.061832 105.116200 -2.584222 104.562000
-2.813888 106.240500 -2.339365 105.637800
-2.431748 107.285400 -1.963969 106.628300
-1.921488 108.234600 -1.460761 107.532200
-1.282825 109.049600 -0.848165 108.336700
-0.530716 109.791000 -0.108773 109.046600
0.374458 110.404000 0.798589 109.644400
1.408134 110.856700 1.836089 110.111600
2.533142 111.185100 3.005717 110.477100
3.783818 111.364400 4.302638 110.742100
5.173439 111.489500 5.769371 110.920600
6.728517 111.518300 7.374760 110.952000
8.447661 111.482200 9.179273 110.959000
10.365340 111.411600 11.171060 110.912300
12.440570 111.376600 13.289060 110.881100
14.658270 111.336300 15.549190 110.849400
16.980990 111.294300 17.924390 110.834800
19.371510 111.225100 20.347350 110.791100
21.827520 111.168600 22.826990 110.756200
24.338230 111.128000 25.385270 110.721900
26.865460 111.086600 27.942390 110.664800
29.340250 111.018500 30.435890 110.613100
31.824380 110.949500 32.923480 110.544600
34.255590 110.895700 35.353910 110.501200
36.655720 110.832300 37.755280 110.443600
39.023530 110.760300 40.125440 110.378600
41.348270 110.661800 42.436570 110.280300
43.625630 110.563400 44.679460 110.203800
45.778700 110.472200 46.802000 110.116700
47.871130 110.381700 48.891560 110.030100
49.939530 110.289100 50.960190 109.949800
51.971720 110.194600 52.980610 109.875400
53.966400 110.084400 54.972030 109.745100
55.968740 109.922700 57.008320 109.591600
58.012520 109.724900 59.085500 109.408300
60.142410 109.502900 61.231320 109.196000
62.329410 109.265100 63.424700 108.940300
64.563430 109.013700 65.693430 108.722100
66.805840 108.790700 67.917120 108.496800
69.024790 108.566800 70.143330 108.247800
71.274060 108.316000 72.402730 107.993200
73.551630 108.056300 74.703870 107.721200
75.878910 107.783000 77.072390 107.438600
78.249380 107.482800 79.450280 107.127000
80.656160 107.159100 81.896460 106.797200
83.128450 106.823200 84.392740 106.452800
85.650170 106.498800 86.928970 106.128000
88.195570 106.179900 89.469810 105.816300
90.756270 105.878900 92.065880 105.518000
93.347120 105.574100 94.649810 105.213800
95.936460 105.267700 97.264830 104.905300
98.498850 104.969700 99.841240 104.636600
101.043100 104.696300 102.377800 104.376000
103.535900 104.414000 104.876500 104.094500
105.990700 104.117400 107.339400 103.808300
108.401400 103.830100 109.742900 103.530500
110.756600 103.530500 112.092000 103.238400
113.078300 103.210700 114.406800 102.910900
115.356600 102.887000 116.699000 102.586000
117.639100 102.533100 118.974900 102.237600
119.873200 102.178000 121.218000 101.870000
122.079200 101.811900 123.417900 101.510400
124.272600 101.407700 125.585200 101.117900
126.424700 100.975200 127.715900 100.693600
128.537100 100.456100 129.816800 100.157100
130.617700 99.856810 131.900100 99.537450
132.667800 99.216070 133.948200 98.889960
134.687400 98.553530 135.965900 98.231040
136.660100 97.926510 137.941200 97.629250
138.607400 97.314350 139.886500 97.034620
140.503400 96.738880 141.799200 96.478090
142.369000 96.204360 143.682100 95.967490
144.202100 95.695640 145.505700 95.485790
145.980300 95.244100 147.251700 95.056360
147.725300 94.841610 149.014700 94.688060
149.451200 94.497860 150.729400 94.397640
151.160400 94.251030 152.447400 94.222950
152.853900 94.142140 154.118900 94.164640
154.532700 94.132680 155.755600 94.147990
156.196500 94.120650 157.396500 94.085560
157.821400 94.007330 158.987500 93.970790
159.401200 93.838200 160.544000 93.796720
160.938600 93.578160 162.085600 93.544270
162.417600 93.276270 163.572900 93.252700
163.854200 92.938740 165.015100 92.956930
165.277700 92.622550 166.436900 92.627420
166.674900 92.299640 167.842600 92.283020
168.125300 91.946090 169.299600 91.917090
169.638900 91.526300 170.859800 91.490240
171.214100 91.062420 172.455100 91.003340
172.836600 90.569120 174.113700 90.511650
174.480800 90.035230 175.771400 89.987240
176.115700 89.513510 177.431100 89.467160
177.736600 89.009020 179.056700 88.980100
179.315600 88.539550 180.641300 88.509640
180.808000 88.123170 182.124000 88.101080
182.185700 87.753480 183.469200 87.745500
183.432400 87.482040 184.709600 87.486740
184.623100 87.293670 185.926200 87.308610
185.803900 87.231550 187.111700 87.284860
186.952000 87.297830 188.271400 87.377330
188.068600 87.451920 189.408900 87.564110
189.154900 87.728640 190.539400 87.885180
190.233600 88.157250 191.671100 88.395520
191.320100 88.781620 192.800600 89.056850
192.410500 89.600550 193.893800 89.944980
193.454200 90.684490 194.933500 91.097780
194.437900 91.988930 195.883100 92.463560
195.378100 93.548950 196.742300 94.065830
196.271500 95.327110 197.566500 95.875330
197.137400 97.277400 198.425400 97.883900
197.949900 99.411050 199.198900 100.082500
198.716100 101.702700 199.939100 102.399100
199.516800 104.092500 200.724300 104.821100
200.371000 106.590800 201.546600 107.364000
201.252400 109.169500 202.409200 109.958100
202.151000 111.754400 203.274400 112.565800
203.059200 114.350500 204.138300 115.149900
203.983900 117.000400 205.002600 117.757200
204.857600 119.562000 205.852300 120.379800
205.735000 122.179100 206.688200 123.005000
206.598600 124.790300 207.528900 125.610000
207.440900 127.377400 208.329400 128.175200
208.242800 129.908400 209.105200 130.687700
208.997300 132.350000 209.823500 133.099200
209.687300 134.653600 210.466900 135.377500
210.315800 136.812600 211.045900 137.482100
210.853400 138.781000 211.539200 139.384600
211.314900 140.528100 211.967600 141.067500
211.724000 142.072000 212.342500 142.566500
212.087800 143.489600 212.684300 143.963700
212.418900 144.848700 212.975600 145.344800
212.644500 146.170800 213.141400 146.700900
212.735200 147.467000 213.170200 148.018400
212.655400 148.727700 213.022700 149.273700
212.394800 149.931200 212.696600 150.478700
211.967700 151.060900 212.218500 151.579400
211.327800 152.041400 211.554800 152.539200
210.570500 152.900300 210.765800 153.372100
209.690200 153.609600 209.869000 154.052600
208.709700 154.127900 208.893700 154.518700
207.628600 154.446600 207.871100 154.829800
206.514300 154.663600 206.801200 155.042000
205.342600 154.839800 205.647900 155.196900
204.054700 154.916400 204.342300 155.284700
202.653200 155.003000 202.890200 155.361800
201.071000 155.004800 201.244500 155.338000
199.317900 154.934200 199.464200 155.268800
197.401000 154.857200 197.499700 155.156500
195.316900 154.772000 195.378500 155.077700
193.070500 154.750200 193.073100 155.045200
190.668800 154.808600 190.622400 155.082900
188.123400 154.966400 188.021100 155.206000
185.505500 155.209900 185.364600 155.402800
182.877200 155.502600 182.681200 155.655800
180.229400 155.806300 180.013600 155.931200
177.558300 156.111000 177.322700 156.203300
174.880600 156.428400 174.633200 156.472200
172.210900 156.745600 171.949300 156.742500
169.531800 157.057600 169.267200 157.012500
166.857300 157.367500 166.583600 157.268800
164.166400 157.687700 163.915500 157.533300
161.543900 158.015100 161.261600 157.824900
158.917500 158.348300 158.632000 158.105600
156.307000 158.685700 156.020700 158.397900
153.701700 159.029500 153.404300 158.692800
151.074500 159.379400 150.731100 158.999000
148.417600 159.744000 148.028500 159.315600
145.726100 160.131500 145.307100 159.653700
143.006700 160.516800 142.553500 159.985500
140.244900 160.894500 139.756400 160.320100
137.441200 161.249200 136.918500 160.606300
134.595200 161.560200 134.074000 160.843800
131.711200 161.840600 131.188800 161.084200
128.789000 162.129400 128.242200 161.325600
125.847000 162.402500 125.301000 161.548700
122.922800 162.662800 122.368500 161.767100
120.011500 162.917000 119.433400 161.978800
117.096200 163.164900 116.502400 162.179700
114.183400 163.417600 113.565100 162.385600
111.271300 163.676400 110.637500 162.595900
108.360000 163.930000 107.708700 162.810100
105.444700 164.185400 104.791500 163.015000
102.540700 164.434900 101.882200 163.208400
99.644400 164.672400 98.998790 163.391300
96.744730 164.928100 96.090720 163.614800
93.849290 165.223100 93.193840 163.854200
90.952140 165.530200 90.292420 164.109800
88.065380 165.851200 87.368180 164.390800
85.150470 166.191600 84.451140 164.680800
82.242610 166.531500 81.504550 164.961800
79.311830 166.862600 78.550570 165.233800
76.393260 167.201900 75.604870 165.515900
73.438700 167.538900 72.625620 165.797900
70.485150 167.863400 69.633750 166.073200
67.519840 168.167700 66.648490 166.314700
64.540850 168.441900 63.656120 166.513900
61.540400 168.697200 60.653590 166.706100
58.537190 168.941400 57.645870 166.892900
55.533930 169.185000 54.619590 167.094600
52.543330 169.420200 51.625740 167.271200
49.571870 169.640200 48.659640 167.438400
46.635500 169.839600 45.703990 167.579500
43.710130 170.017100 42.791220 167.697900
40.823360 170.176600 39.899450 167.807300
37.953040 170.328300 37.033420 167.913300
35.132860 170.473500 34.218430 168.020100
32.385260 170.602800 31.494890 168.100400
29.704360 170.713400 28.838090 168.169800
27.093420 170.807100 26.249930 168.218500
24.583170 170.877300 23.751660 168.253500
22.209330 170.937800 21.434950 168.295100
19.944280 171.027800 19.175040 168.353900
17.748010 171.142200 17.000920 168.427800
15.606760 171.273100 14.871310 168.520300
13.545460 171.403600 12.840610 168.610700
11.568070 171.540200 10.883980 168.711900
9.709170 171.687300 9.061183 168.832500
7.998637 171.853700 7.389970 168.962900
6.432635 172.024100 5.866859 169.098900
4.995356 172.227700 4.470946 169.252200
3.674361 172.460800 3.185516 169.452200
2.475555 172.738700 2.018127 169.692500
1.394096 173.060700 0.996671 169.973500
0.435287 173.448800 0.054030 170.317200
-0.481995 173.905100 -0.843043 170.727600
-1.324858 174.456900 -1.652787 171.225200
-2.065394 175.091700 -2.388430 171.793500
-2.762100 175.808500 -3.118131 172.510500
-3.408457 176.720100 -3.786170 173.397800
-3.994755 177.763900 -4.394026 174.439100
-4.506015 178.951500 -4.951056 175.663000
-4.930925 180.367000 -5.382601 177.079100
-5.212692 181.952900 -5.722270 178.712200
-5.351521 183.714600 -5.918949 180.532200
-5.392321 185.625500 -6.024414 182.488500
-5.387940 187.682900 -6.067163 184.585100
-5.372151 189.871900 -6.094723 186.806300
-5.386586 192.193400 -6.123082 189.145800
-5.406023 194.585200 -6.177431 191.560300
-5.440439 197.017600 -6.255235 193.997800
-5.475977 199.456500 -6.337982 196.451400
-5.514842 201.934200 -6.426931 198.960700
-5.560062 204.406700 -6.517717 201.432100
-5.616804 206.863600 -6.626089 203.865500
-5.692115 209.294100 -6.741502 206.281300
-5.775682 211.678200 -6.880106 208.653600
-5.860771 213.990100 -6.994426 210.912700
-5.940900 216.159300 -7.124197 213.033700
-6.023283 218.169400 -7.238138 214.996100
-6.114588 220.000600 -7.353386 216.775900
-6.209081 221.641100 -7.478039 218.353900
-6.290085 223.094700 -7.574012 219.746800
-6.323739 224.427000 -7.611436 221.058800
-6.274326 225.732300 -7.549444 222.353800
-6.132258 226.985000 -7.407666 223.584300
-5.842543 228.167200 -7.120180 224.755700
-5.392446 229.278300 -6.698339 225.848600
-4.842747 230.275700 -6.190037 226.843700
-4.162700 231.192700 -5.509672 227.761700
-3.339169 232.032200 -4.737774 228.638500
-2.397566 232.795000 -3.778953 229.379900
-1.278517 233.345000 -2.663410 230.023700
0.002398 233.849400 -1.321689 230.577700
1.451824 234.167300 0.161973 230.992600
3.063341 234.394700 1.819827 231.282800
4.818404 234.521700 3.622712 231.460300
6.718857 234.529500 5.583099 231.524600
8.771869 234.476900 7.679431 231.525300
10.950050 234.353500 9.932117 231.494000
13.283690 234.242600 12.280390 231.442300
15.698180 234.114100 14.696850 231.373600
18.109840 234.011200 17.088970 231.330900
20.538930 233.937000 19.499740 231.320500
23.000350 233.896100 21.986980 231.333600
25.454510 233.895700 24.494100 231.362200
27.927720 233.889300 26.982140 231.395900
30.407900 233.872000 29.486830 231.421500
32.882140 233.853600 31.989830 231.446100
35.338500 233.829000 34.478300 231.460500
37.779520 233.790500 36.901850 231.472200
40.179400 233.727500 39.309840 231.452000
42.552300 233.662400 41.700400 231.439200
44.907840 233.595600 44.056520 231.422600
47.226940 233.520600 46.373650 231.386800
49.522840 233.434600 48.682800 231.344000
51.803140 233.370200 50.964950 231.313900
54.049950 233.306500 53.198340 231.292600
56.280590 233.226500 55.423040 231.261100
58.445580 233.147900 57.600730 231.225800
60.619970 233.086700 59.767500 231.206300
62.750480 233.037500 61.887660 231.209900
64.846290 232.998000 63.993480 231.210200
66.907940 232.934300 66.047420 231.179400
68.927460 232.866900 68.055560 231.168000
70.887740 232.814900 69.999620 231.149600
72.825750 232.758300 71.936890 231.139700
74.737930 232.699000 73.839670 231.110100
76.618370 232.622200 75.725300 231.079500
78.487810 232.513200 77.614720 231.027000
80.415420 232.376500 79.569230 230.935300
82.423060 232.187700 81.610970 230.801400
84.524370 231.969700 83.758650 230.609700
86.709120 231.699600 85.996560 230.376400
89.024130 231.380400 88.377510 230.097300
91.467840 231.021200 90.871200 229.793000
94.024580 230.649200 93.473540 229.474500
96.704300 230.258000 96.208510 229.141400
99.500260 229.890100 99.066340 228.844200
102.390800 229.569300 101.998100 228.606600
105.358500 229.285100 104.987300 228.396400
108.344900 229.013100 108.010100 228.192700
111.363200 228.734900 111.053100 227.982900
114.373200 228.477600 114.046800 227.799900
117.360000 228.229400 117.061100 227.624600
120.339400 228.001300 120.046100 227.483300
123.309400 227.796900 123.027200 227.353900
126.241200 227.623100 125.945000 227.278200
129.151600 227.477500 128.851900 227.191400
132.012600 227.318900 131.711000 227.099500
134.854400 227.154700 134.552200 227.013300
137.658300 226.984100 137.369400 226.913700
140.441600 226.780700 140.183400 226.762800
143.209300 226.535400 142.962600 226.584700
145.977400 226.238300 145.752700 226.343500
148.746000 225.862600 148.534500 226.029100
151.518600 225.402500 151.322800 225.616100
154.265800 224.858900 154.098200 225.114100
157.017900 224.208100 156.879400 224.500100
159.770300 223.494500 159.658400 223.833700
162.519400 222.782200 162.451800 223.181900
165.292700 222.111000 165.244900 222.603200
168.051700 221.507000 168.000500 222.090100
170.813300 220.973200 170.792300 221.640500
173.565300 220.491000 173.530200 221.238200
176.245800 220.043100 176.211700 220.870800
178.818800 219.633700 178.751200 220.515500
181.257200 219.251600 181.207300 220.178300
183.679400 218.884000 183.640100 219.845600
186.086900 218.497600 186.073900 219.496300
188.454700 218.100200 188.442100 219.150400
190.804000 217.716300 190.809100 218.823300
193.140800 217.373500 193.135000 218.526100
195.432100 217.054600 195.435500 218.254700
197.727600 216.759200 197.712900 218.013700
199.972100 216.485600 199.948500 217.787800
202.098700 216.237900 202.046000 217.587100
204.042400 215.996300 203.938000 217.400800
205.749800 215.775100 205.592100 217.224100
207.241200 215.583400 207.045400 217.085100
208.613300 215.379500 208.393600 216.950000
209.946100 215.165400 209.693700 216.784700
211.132200 214.943200 210.831400 216.623100
212.136600 214.744800 211.794100 216.472600
213.062500 214.534600 212.721000 216.316000
213.959300 214.314400 213.623700 216.150700
214.824000 214.088800 214.488000 215.978500
215.687900 213.834700 215.351300 215.758100
216.575000 213.526600 216.272600 215.490100
217.490900 213.157600 217.207300 215.159500
218.457300 212.700900 218.198400 214.727200
219.480700 212.125200 219.246300 214.164400
220.511700 211.370900 220.313900 213.418900
221.550800 210.459100 221.368800 212.500200
222.555600 209.363300 222.386700 211.409200
223.474400 208.082600 223.332800 210.119300
224.312800 206.641100 224.202800 208.644800
225.044800 205.038200 224.955300 207.015700
225.610700 203.260200 225.517000 205.213700
225.969900 201.350200 225.887400 203.304300
226.110100 199.367200 226.067200 201.285800
226.043000 197.305000 226.047300 199.170800
225.807700 195.159800 225.879100 196.989700
225.430000 192.956900 225.548500 194.750800
224.916600 190.707600 225.097400 192.469800
224.270500 188.432400 224.513200 190.154800
223.514900 186.121900 223.816200 187.777500
222.660400 183.771100 223.042500 185.406500
221.783100 181.391000 222.233100 182.987900
220.891900 178.998600 221.424400 180.565400
220.021400 176.587400 220.643500 178.141700
219.223500 174.200300 219.931400 175.727800
218.482200 171.834800 219.281600 173.361100
217.818500 169.568700 218.691500 171.128700
217.216600 167.458800 218.156500 169.071200
216.650700 165.491600 217.661400 167.140500
216.110800 163.682800 217.187400 165.346700
215.577800 162.017400 216.693300 163.676600
214.999400 160.430000 216.151600 162.119300
214.344800 158.975700 215.529700 160.694200
213.573800 157.662600 214.796000 159.408600
212.660500 156.532700 213.911000 158.272200
211.582500 155.560200 212.897100 157.303800
210.426600 154.805400 211.752900 156.542100
209.163000 154.246200 210.478800 155.941700
207.764200 153.857100 209.068800 155.526900
206.280800 153.652300 207.516300 155.267400
204.678000 153.573200 205.854200 155.135200
202.976300 153.576200 204.108300 155.062800
201.140400 153.649700 202.219900 155.079100
199.175800 153.795100 200.209300 155.166300
197.094000 154.001100 198.065900 155.307000
194.884400 154.205500 195.823800 155.430500
192.560300 154.427500 193.470000 155.566900
190.124200 154.677200 190.999900 155.727200
187.577500 154.946500 188.400600 155.918100
184.929000 155.250800 185.702300 156.131100
182.198300 155.594600 182.929200 156.383900
179.402300 155.944800 180.085300 156.634700
176.570000 156.287200 177.217700 156.872300
173.734500 156.623600 174.372700 157.109800
170.901000 156.954000 171.496700 157.347500
168.081500 157.295300 168.674700 157.577900
165.284900 157.640900 165.876400 157.811000
162.507400 157.987500 163.100300 158.059800
159.747400 158.333400 160.327800 158.299800
156.984600 158.680600 157.534400 158.546900
154.216200 159.032100 154.760500 158.786900
151.439500 159.399800 151.947700 159.063300
148.640500 159.792600 149.111900 159.349100
145.813800 160.206400 146.248600 159.655700
142.963600 160.610300 143.363600 159.941500
140.057000 160.997100 140.417100 160.215000
137.092200 161.347900 137.410600 160.439800
134.059200 161.649400 134.380700 160.621100
130.993600 161.935400 131.290800 160.796900
127.858900 162.233700 128.119100 160.962500
124.683800 162.520100 124.922400 161.120900
121.492100 162.798700 121.703800 161.268000
118.297400 163.082000 118.480000 161.432000
115.103400 163.377800 115.239800 161.593000
111.913100 163.672600 112.015400 161.761500
108.723500 163.966800 108.799300 161.921800
105.531500 164.253700 105.588900 162.082300
102.343500 164.537500 102.380200 162.225700
99.161640 164.825900 99.186250 162.395200
95.959550 165.164700 95.974780 162.619800
92.746890 165.547500 92.750070 162.877100
89.526460 165.956000 89.505760 163.159900
86.297890 166.381500 86.248850 163.463500
83.033610 166.817100 82.947030 163.777700
79.736970 167.238800 79.591540 164.073200
76.427180 167.629500 76.237200 164.327900
73.050320 167.986400 72.823070 164.547500
69.640860 168.315400 69.385280 164.745200
66.194370 168.637100 65.895600 164.927000
62.710330 168.931500 62.400150 165.079000
59.214430 169.199600 58.914040 165.201000
55.734640 169.446800 55.418300 165.303800
52.271980 169.681900 51.953980 165.401300
48.833520 169.903400 48.514100 165.499800
45.431860 170.116400 45.089240 165.575500
42.051610 170.315300 41.720640 165.638600
38.742450 170.482700 38.416120 165.660300
35.535340 170.629700 35.236620 165.687200
32.460880 170.758300 32.200750 165.695900
29.526980 170.862700 29.304400 165.692300
26.736320 170.955000 26.559010 165.673300
24.096640 171.032400 23.949140 165.648800
21.599520 171.132300 21.484600 165.638600
19.316590 171.344600 19.131220 165.710200
17.201760 171.658400 16.860150 165.877100
15.089840 171.971500 14.701670 166.104000
12.980420 172.284000 12.634750 166.389200
10.872410 172.596000 10.666460 166.674700
8.838192 172.907600 8.829578 166.926700
7.132350 173.177000 7.160615 167.137800
5.611287 173.387400 5.717979 167.266600
4.309371 173.544500 4.478140 167.369800
3.237420 173.651900 3.477104 167.440500
2.375838 173.729600 2.681397 167.481600
1.679549 173.799100 2.011458 167.521800
1.056923 173.859600 1.398233 167.554800
0.465217 173.909300 0.804220 167.574700
-0.128030 173.962400 0.209743 167.608400
-0.720230 174.003300 -0.386119 167.616600
-1.330594 174.023800 -1.028090 167.611000
-2.080426 174.055200 -1.850968 167.620900
-2.997577 174.094600 -2.819249 167.625000
-4.098643 174.120700 -3.989902 167.609900
-5.416520 174.168000 -5.392631 167.609900
-6.936037 174.228300 -6.970792 167.635300
-8.609358 174.340400 -8.728568 167.670600
-10.463980 174.413000 -10.650070 167.703800
-12.494230 174.495000 -12.746720 167.695200
-14.662590 174.544200 -14.966610 167.663800
-17.028510 174.612700 -17.377230 167.628600
-19.515490 174.656900 -19.902650 167.576900
-22.153150 174.694500 -22.565580 167.539300
-24.891700 174.736800 -25.345700 167.479300
-27.728470 174.787700 -28.241870 167.434400
-30.668830 174.869400 -31.214200 167.406700
-33.671140 174.970100 -34.230570 167.397800
-36.734690 175.074800 -37.305640 167.372700
-39.843610 175.165700 -40.412460 167.338800
-43.001160 175.252500 -43.571620 167.313600
-46.184910 175.351700 -46.747150 167.293200
-49.374400 175.443100 -49.931190 167.245600
-52.557440 175.526000 -53.150640 167.197900
-55.757590 175.616000 -56.333510 167.171100
-58.925860 175.702900 -59.524250 167.121800
-62.130070 175.804700 -62.707460 167.099700
-65.328080 175.907300 -65.901090 167.072300
-68.537660 176.003100 -69.119430 167.030500
-71.749230 176.080900 -72.317300 166.977200
-74.976500 176.145900 -75.572690 166.919400
-78.208790 176.218000 -78.814490 166.848900
-81.447070 176.257900 -82.065020 166.748500
-84.692180 176.290600 -85.338250 166.663800
-87.936790 176.288700 -88.601760 166.525100
-91.211290 176.258400 -91.893180 166.371600
-94.484440 176.204800 -95.153760 166.197200
-97.757000 176.121600 -98.457420 165.982200
-101.045200 176.004400 -101.754400 165.760800
-104.339000 175.862100 -105.062200 165.505500
-107.640300 175.694600 -108.368000 165.238700
-110.948600 175.520500 -111.684800 164.947000
-114.267700 175.326000 -115.005700 164.637200
-117.598500 175.123100 -118.332900 164.313500
-120.942600 174.923200 -121.693200 163.999100
-124.293900 174.718800 -125.040900 163.668100
-127.663000 174.505900 -128.426900 163.313700
-131.048900 174.295300 -131.827000 162.967800
-134.443100 174.072500 -135.225900 162.595200
-137.847200 173.848200 -138.638300 162.247200
-141.262000 173.635000 -142.044400 161.905300
-144.675300 173.415500 -145.455300 161.546000
-148.093400 173.189000 -148.875100 161.202700
-151.506600 172.967300 -152.279300 160.845100
-154.901800 172.728300 -155.679000 160.487800
-158.292900 172.494700 -159.018800 160.137700
-161.632200 172.250400 -162.374700 159.770500
-164.974900 172.022600 -165.679800 159.434900
-168.236000 171.803200 -168.898900 159.100600
-171.502400 171.597000 -172.154200 158.784000
-174.668300 171.359900 -175.254400 158.437300
-177.746400 171.132500 -178.348200 158.095200
-180.803200 170.903300 -181.383600 157.760300
-183.778700 170.687800 -184.334300 157.439500
-186.701500 170.475800 -187.248500 157.115100
-189.566000 170.268000 -190.089600 156.802300
-192.391300 170.070600 -192.889500 156.511800
-195.149900 169.858100 -195.632500 156.195200
-197.876000 169.626400 -198.362800 155.864500
-200.552400 169.372500 -201.011200 155.488100
-203.199000 169.063700 -203.643900 155.056500
-205.787000 168.703000 -206.200600 154.580500
-208.326100 168.290400 -208.720200 154.070400
-210.824000 167.881700 -211.189600 153.590200
-213.258300 167.488200 -213.578700 153.114800
-215.584000 167.155500 -215.866300 152.721700
-217.825600 166.951000 -218.081600 152.476500
-219.976700 166.840100 -220.192600 152.308600
-222.030600 166.826400 -222.213700 152.240700
-223.989000 166.912900 -224.146600 152.252800
-225.824600 167.087900 -225.947800 152.363200
-227.550100 167.325800 -227.646700 152.546500
-229.178200 167.608800 -229.267400 152.766500
-230.692700 167.920100 -230.776100 153.005700
-232.121600 168.192100 -232.181100 153.204900
-233.453600 168.409000 -233.502600 153.358900
-234.669500 168.528300 -234.693200 153.381100
-235.786800 168.548000 -235.798400 153.329300
-236.809500 168.431800 -236.779500 153.135500
-237.749100 168.202200 -237.687900 152.861800
-238.622500 167.871000 -238.534600 152.487200
-239.423500 167.439100 -239.294900 152.024200
-240.167900 166.948100 -240.009400 151.539700
-240.836500 166.406300 -240.643100 150.986000
-241.484000 165.802100 -241.266000 150.386500
-242.133500 165.204600 -241.893700 149.777300
-242.760700 164.564800 -242.511500 149.132600
-243.373200 163.846400 -243.152000 148.370200
-243.956600 163.041100 -243.735900 147.534700
-244.490700 162.132200 -244.259700 146.585200
-244.987900 161.116800 -244.733100 145.510400
-245.418700 159.925400 -245.124400 144.277500
-245.815100 158.551700 -245.434200 142.859200
-246.200000 156.991700 -245.793200 141.236700
-246.613900 155.230000 -246.134800 139.355300
-246.967700 153.214300 -246.410500 137.232700
-247.267000 150.943600 -246.595600 134.879700
-247.521500 148.451900 -246.733100 132.302800
-247.763400 145.749400 -246.869300 129.507900
-248.018000 142.841100 -247.020200 126.490800
-248.277200 139.720500 -247.157400 123.279300
-248.523100 136.389500 -247.264800 119.838600
-248.773200 132.870500 -247.385100 116.284900
-249.015800 129.335700 -247.491200 112.745500
-249.218400 125.814900 -247.551800 109.195800
-249.397800 122.286300 -247.592300 105.658200
-249.565200 118.755000 -247.618600 102.115700
-249.697400 115.238200 -247.605600 98.619000
-249.820200 111.741900 -247.600800 95.123810
-249.943300 108.268400 -247.588300 91.646290
-250.044800 104.815000 -247.553100 88.175090
-250.125300 101.386800 -247.505400 84.747560
-250.189300 97.986010 -247.435300 81.324140
-250.244000 94.598780 -247.366400 77.938050
-250.305600 91.259170 -247.303800 74.616120
-250.400100 87.936680 -247.287100 71.282750
-250.549700 84.645240 -247.292500 67.974210
-250.690200 81.356670 -247.310500 64.680490
-250.847000 78.103800 -247.356800 61.412350
-251.020300 74.824490 -247.408900 58.118630
-251.181200 71.549630 -247.457900 54.837590
-251.353200 68.299410 -247.513600 51.586840
-251.504400 65.068130 -247.542300 48.336830
-251.635100 61.852520 -247.564000 45.128220
-251.747700 58.661860 -247.548900 41.945340
-251.845300 55.489840 -247.534800 38.764850
-251.935900 52.343660 -247.516700 35.617680
-252.030900 49.220080 -247.486100 32.487420
-252.144000 46.116710 -247.492100 29.385750
-252.285100 43.039160 -247.530600 26.316280
-252.447800 39.988030 -247.583900 23.265260
-252.625400 36.956390 -247.653100 20.233440
-252.810700 33.954820 -247.728400 17.249690
-252.984400 30.978070 -247.800800 14.281290
-253.097600 28.028950 -247.780200 11.339060
-253.116300 25.101150 -247.668000 8.411601
-253.041100 22.203360 -247.460900 5.532072
-252.848100 19.324220 -247.123200 2.650022
-252.488000 16.480910 -246.608600 -0.198853
-251.943700 13.650460 -245.930200 -3.016219
-251.206200 10.846250 -245.047700 -5.803352
-250.269300 8.064427 -243.959100 -8.563832
-249.119400 5.314832 -242.661900 -11.287120
-247.746000 2.616861 -241.161200 -13.918440
-246.166100 -0.017969 -239.451300 -16.496710
-244.406300 -2.619939 -237.595500 -19.012870
-242.507000 -5.201607 -235.594700 -21.536810
-240.543700 -7.805212 -233.530800 -24.077130
-238.527600 -10.441420 -231.391200 -26.665280
-236.482900 -13.102670 -229.258500 -29.254280
-234.463000 -15.778320 -227.153100 -31.845330
-232.508700 -18.481870 -225.105200 -34.474340
-230.631700 -21.211600 -223.147600 -37.131240
-228.850200 -23.973140 -221.273400 -39.838960
-227.120500 -26.731510 -219.447900 -42.511960
-225.420200 -29.466820 -217.653000 -45.161510
-223.756600 -32.175260 -215.887600 -47.793120
-222.113500 -34.852880 -214.137200 -50.385010
-220.503000 -37.487790 -212.440900 -52.920830
-218.945600 -40.020000 -210.805400 -55.360440
-217.473700 -42.350380 -209.281000 -57.573020
-216.081800 -44.449900 -207.836400 -59.541650
-214.778200 -46.310220 -206.494500 -61.285780
-213.569900 -47.963370 -205.261200 -62.830160
-212.469800 -49.406600 -204.106400 -64.199310
-211.402700 -50.703570 -202.989700 -65.424880
-210.350300 -51.866650 -201.893100 -66.527480
-209.329000 -52.882180 -200.818000 -67.468200
-208.342100 -53.712810 -199.799100 -68.218220
-207.433900 -54.314810 -198.938400 -68.733430
-206.639200 -54.750770 -198.137700 -69.133420
-205.846700 -55.112410 -197.303300 -69.449550
-205.046500 -55.376850 -196.507900 -69.685160
-204.238300 -55.572130 -195.667400 -69.857970
-203.340400 -55.720010 -194.733900 -69.983760
-202.343700 -55.812630 -193.689700 -70.039490
-201.230000 -55.831900 -192.525200 -69.990250
-199.966900 -55.727910 -191.205600 -69.813950
-198.511800 -55.515700 -189.732700 -69.517690
-196.896300 -55.177990 -188.049700 -69.088760
-195.101200 -54.675310 -186.178100 -68.485770
-193.144500 -53.980020 -184.194200 -67.669220
-191.089500 -53.059560 -182.155200 -66.607960
-188.959500 -51.870660 -180.052700 -65.272400
-186.748300 -50.457590 -177.890800 -63.775140
-184.446800 -48.882240 -175.630400 -62.122270
-181.997000 -47.211720 -173.242100 -60.362550
-179.497700 -45.532110 -170.734900 -58.518140
-176.845100 -43.764640 -168.129300 -56.626260
-174.079200 -41.951340 -165.401500 -54.672780
-171.182700 -40.094050 -162.543600 -52.694400
-168.181500 -38.252180 -159.590200 -50.729390
-165.080700 -36.437440 -156.548900 -48.798240
-161.936900 -34.664440 -153.460000 -46.905920
-158.730900 -32.961050 -150.321100 -45.076350
-155.498500 -31.326070 -147.150500 -43.311440
-152.284900 -29.754520 -143.999700 -41.603730
-149.069300 -28.182760 -140.860600 -39.895600
-145.857700 -26.612150 -137.705700 -38.191710
-142.641000 -25.057000 -134.542600 -36.495770
-139.402500 -23.486330 -131.351700 -34.807640
-136.173000 -21.934650 -128.193700 -33.116890
-132.945300 -20.377060 -125.033700 -31.427330
-129.754900 -18.849320 -121.915600 -29.766550
-126.594800 -17.311780 -118.827400 -28.093890
-123.481600 -15.777190 -115.814000 -26.440760
-120.382000 -14.275260 -112.797200 -24.829330
-117.290900 -12.878730 -109.745500 -23.320870
-114.140500 -11.587510 -106.645100 -21.913290
-110.985900 -10.399830 -103.510700 -20.579850
-107.823700 -9.243398 -100.427200 -19.301460
-104.639900 -8.124757 -97.267950 -18.035170
-101.445300 -7.020636 -94.141820 -16.771790
-98.266820 -5.927679 -91.024150 -15.567110
-95.057020 -4.924307 -87.847730 -14.441820
-91.816180 -3.988153 -84.640440 -13.392480
-88.560330 -3.139167 -81.406650 -12.411010
-85.275670 -2.357662 -78.124270 -11.497910
-81.984180 -1.642797 -74.861390 -10.650620
-78.695610 -0.956720 -71.577010 -9.818112
-75.422800 -0.300680 -68.348860 -9.031487
-72.166360 0.319994 -65.110710 -8.263133
-68.928530 0.923302 -61.909450 -7.519487
-65.700550 1.500442 -58.702840 -6.799681
-62.489590 2.047975 -55.529340 -6.109098
-59.295260 2.577472 -52.363370 -5.426665
-56.128970 3.091711 -49.221550 -4.773472
-52.988540 3.575444 -46.119010 -4.153260
-49.868360 4.040344 -43.020070 -3.546845
-46.776300 4.464286 -39.957950 -2.995068
-43.712180 4.856902 -36.916890 -2.460981
-40.666360 5.223322 -33.897970 -1.949204
-37.689290 5.564962 -30.950970 -1.468572
-34.786240 5.888495 -28.096970 -1.002846
-31.996720 6.190015 -25.353620 -0.572500
-29.296910 6.465571 -22.676190 -0.168810
-26.720990 6.720779 -20.171780 0.196385
-24.320240 6.954131 -17.838970 0.544802
-22.089310 7.159574 -15.661550 0.856563
-20.016680 7.362635 -13.654130 1.147354
-18.106820 7.551445 -11.811730 1.419978
-16.337750 7.702083 -10.083050 1.650619
-14.726050 7.819683 -8.531298 1.851138
-13.313500 7.930153 -7.182020 2.023338
-12.128270 8.022018 -6.055503 2.170077
-11.139240 8.100664 -5.096232 2.300175
-10.287410 8.195045 -4.251444 2.455293
-9.518219 8.309922 -3.475145 2.620859
-8.789252 8.478175 -2.770932 2.838444
-8.149181 8.669320 -2.232968 2.984344
-7.829442 8.769976 -2.046790 3.047442
-7.799252 8.787461 -2.065275 3.027259
-7.813018 8.786625 -2.065753 3.030037
-7.809395 8.788143 -2.059182 3.033045
-7.809451 8.779000 -2.062937 3.033171
-7.809131 8.771007 -2.061161 3.026050
-7.804822 8.762953 -2.061530 3.026143
-7.800766 8.755551 -2.061174 3.024165
-7.795082 8.750163 -2.060305 3.026167
-7.789514 8.745234 -2.058286 3.028820
-7.784930 8.740517 -2.059693 3.027883
-7.780166 8.734843 -2.060180 3.030264
-7.775784 8.730871 -2.062440 3.029695
-7.771600 8.726560 -2.064483 3.031395
-7.768634 8.723581 -2.061264 3.031070
-7.766879 8.721761 -2.061383 3.026069
-7.765762 8.717584 -2.059445 3.026173
-7.763983 8.714586 -2.057078 3.026173
-7.763294 8.713489 -2.056080 3.029961
-7.762963 8.712553 -2.059665 3.028443
-7.763086 8.713488 -2.060112 3.027951
-7.762455 8.714167 -2.057230 3.023415
-7.753295 8.722145 -2.045554 3.036170
-7.717107 8.742340 -2.002684 3.058179
-7.658875 8.770779 -1.914506 3.088700
-7.513039 8.836058 -1.680863 3.182621
-7.175297 8.982757 -1.242160 3.378804
-6.640897 9.236569 -0.604264 3.703532
-5.930743 9.644152 0.174837 4.198295
-5.120740 10.257790 1.006045 4.914955
-4.260731 11.080700 1.846191 5.847757
-3.414512 12.135620 2.670570 7.000916
-2.599066 13.467900 3.415824 8.438831
-1.884998 15.083310 4.033050 10.118750
-1.260100 16.974890 4.554744 12.075220
-0.766019 19.117060 4.895251 14.276690
-0.469374 21.489410 5.033777 16.660510
-0.353107 24.066230 4.983307 19.265640
-0.356192 26.850340 4.830729 22.065910
-0.405744 29.836580 4.634828 25.087050
-0.459357 33.017600 4.412769 28.329600
-0.512628 36.392400 4.179072 31.742890
-0.584304 39.835620 3.920193 35.196000
-0.669138 43.283040 3.649458 38.637020
-0.775721 46.706780 3.356391 42.076470
-0.884520 50.132480 3.056058 45.486370
-0.993630 53.521590 2.758050 48.860860
-1.089707 56.883700 2.469822 52.203370
-1.185006 60.248880 2.197889 55.549750
-1.270319 63.565850 1.918975 58.848890
-1.374798 66.868940 1.615265 62.143430
-1.472152 70.155470 1.332820 65.415250
-1.562229 73.416080 1.064281 68.657440
-1.660434 76.636610 0.762925 71.854930
-1.775229 79.852040 0.463998 75.053940
-1.895797 83.032260 0.168756 78.209040
-2.017852 86.185380 -0.126639 81.336240
-2.146481 89.329260 -0.423200 84.444660
-2.263400 92.442530 -0.707210 87.532420
-2.372203 95.538220 -0.998793 90.601780
-2.465941 98.605540 -1.259610 93.628400
-2.540211 101.651500 -1.503294 96.677140
-2.582148 104.696700 -1.715429 99.670800
-2.595436 107.674300 -1.919184 102.643600
-2.621977 110.691900 -2.114319 105.684100
-2.648827 113.786700 -2.319826 108.799800
-2.681214 116.967200 -2.529038 111.956100
-2.721440 120.204500 -2.747185 115.153700
-2.774777 123.506700 -3.001166 118.471900
-2.842109 126.902400 -3.264615 121.858700
-2.924595 130.351000 -3.550453 125.315700
-3.024507 133.819600 -3.844758 128.743600
-3.138966 137.262500 -4.151221 132.155600
-3.265946 140.693500 -4.470469 135.541200
-3.389718 144.095500 -4.779937 138.906500
-3.526115 147.467500 -5.105731 142.239100
-3.671472 150.775300 -5.430976 145.494400
-3.794318 154.003900 -5.735682 148.675400
-3.904131 157.172200 -6.038743 151.804100
-3.996788 160.276500 -6.314298 154.867800
-4.071651 163.334000 -6.553989 157.885000
-4.122556 166.368900 -6.792921 160.911400
-4.194278 169.380900 -7.061904 163.938400
-4.264263 172.440400 -7.303709 167.024700
-4.319751 175.547300 -7.552970 170.153500
-4.393173 178.705600 -7.819244 173.293900
-4.501446 181.892900 -8.113615 176.470900
-4.607667 185.156000 -8.415205 179.733200
-4.701222 188.477800 -8.722473 183.065000
-4.806531 191.849500 -9.016428 186.406500
-4.887285 195.207400 -9.304360 189.778400
-4.976513 198.565600 -9.609732 193.124100
-5.057617 201.890800 -9.889983 196.458700
-5.132018 205.179500 -10.169260 199.720900
-5.210165 208.394000 -10.435100 202.871900
-5.281372 211.451500 -10.675980 205.850900
-5.354878 214.365600 -10.905330 208.733100
-5.416052 217.205700 -11.124580 211.531200
-5.469074 220.014000 -11.333960 214.312500
-5.505322 222.798100 -11.519160 217.068600
-5.545023 225.571400 -11.701800 219.854100
-5.563610 228.337300 -11.878380 222.611000
-5.598680 231.130300 -12.094250 225.440400
-5.715519 233.992700 -12.381460 228.341200
-5.886862 236.912900 -12.733180 231.268600
-6.076718 239.911700 -13.075130 234.293400
-6.214931 243.011500 -13.392940 237.402300
-6.364206 246.210000 -13.741930 240.637700
-6.521044 249.542600 -14.086130 243.997600
-6.657659 252.972000 -14.426120 247.432400
-6.794881 256.491900 -14.788560 250.954800
-6.924264 260.026600 -15.133150 254.457000
-7.052122 263.522600 -15.473340 257.908900
-7.164917 266.998200 -15.802970 261.362000
-7.284815 270.457200 -16.134440 264.765100
-7.417194 273.852800 -16.466920 268.121000
-7.523524 277.174400 -16.778880 271.390900
-7.651625 280.358300 -17.100710 274.503200
-7.782923 283.414900 -17.419870 277.526700
-7.918403 286.315200 -17.714370 280.377600
-8.055697 289.119300 -18.023440 283.160200
-8.185460 291.911300 -18.325580 285.947000
-8.314789 294.668400 -18.625370 288.685600
-8.425515 297.433700 -18.905990 291.462600
-8.486769 300.239900 -19.150790 294.276600
-8.528132 303.087600 -19.376460 297.134500
-8.538802 306.012500 -19.578310 300.079900
-8.512542 309.030900 -19.732890 303.110800
-8.446156 312.111900 -19.870170 306.203900
-8.351900 315.297900 -19.974910 309.402600
-8.211642 318.520500 -20.032740 312.635000
-8.031870 321.816300 -20.058490 315.968900
-7.798255 325.179400 -20.015820 319.361600
-7.513710 328.583000 -19.963490 322.799900
-7.227060 332.070400 -19.898530 326.319800
-6.930360 335.644600 -19.832780 329.901100
-6.634241 339.252200 -19.760850 333.527700
-6.353320 342.849100 -19.712890 337.104700
-6.099343 346.409700 -19.684290 340.658800
-5.858059 349.945000 -19.657540 344.170200
-5.647279 353.444000 -19.645600 347.657600
-5.439992 356.885000 -19.654840 351.093600
-5.251048 360.315600 -19.689730 354.502800
-5.098453 363.671600 -19.743240 357.840300
-4.951017 366.989800 -19.804240 361.161300
-4.804541 370.256900 -19.865860 364.389500
